0918.44 0492.97 0150.00 0150.00 
0918.44 0492.97 0150.00 0150.00 
0918.44 0492.97 0150.00 0150.00 
0918.44 0492.97 0150.00 0150.00 
0918.74 0494.98 0150.00 0150.00 
0918.44 0493.47 0150.00 0150.00 
0918.74 0493.47 0150.00 0150.00 
0918.44 0491.96 0150.00 0150.00 
0918.44 0491.96 0150.00 0150.00 
0918.74 0489.95 0150.00 0150.00 
0918.74 0490.45 0150.00 0150.00 
0918.74 0490.45 0150.00 0150.00 
0918.74 0490.45 0150.00 0150.00 
0918.44 0490.45 0150.00 0150.00 
0918.44 0490.45 0150.00 0150.00 
0919.65 0490.96 0150.00 0150.00 
0919.35 0488.95 0150.00 0150.00 
0919.04 0489.45 0150.00 0150.00 
0919.04 0489.45 0150.00 0150.00 
0919.04 0489.45 0150.00 0150.00 
0919.04 0489.45 0150.00 0150.00 
0919.35 0487.94 0150.00 0150.00 
0919.35 0487.94 0150.00 0150.00 
0919.35 0487.94 0150.00 0150.00 
0919.35 0487.94 0150.00 0150.00 
0919.35 0487.94 0150.00 0150.00 
0919.35 0487.94 0150.00 0150.00 
0919.35 0487.44 0150.00 0150.00 
0919.35 0487.44 0150.00 0150.00 
0919.35 0487.44 0150.00 0150.00 
0919.35 0487.44 0150.00 0150.00 
0919.35 0487.44 0150.00 0150.00 
0919.65 0488.44 0150.00 0150.00 
0919.65 0488.44 0150.00 0150.00 
0919.65 0486.94 0150.00 0150.00 
0919.65 0486.94 0150.00 0150.00 
0919.65 0486.94 0150.00 0150.00 
0919.35 0486.43 0150.00 0150.00 
0919.35 0486.43 0150.00 0150.00 
0920.25 0486.43 0150.00 0150.00 
0920.25 0486.43 0150.00 0150.00 
0919.95 0487.44 0150.00 0150.00 
0919.95 0487.44 0150.00 0150.00 
0919.95 0487.44 0150.00 0150.00 
0919.95 0486.94 0150.00 0150.00 
0919.95 0486.94 0150.00 0150.00 
0919.95 0486.43 0150.00 0150.00 
0919.95 0486.43 0150.00 0150.00 
0919.95 0486.43 0150.00 0150.00 
0919.95 0486.43 0150.00 0150.00 
0919.95 0485.43 0150.00 0150.00 
0919.95 0485.43 0150.00 0150.00 
0919.95 0485.43 0150.00 0150.00 
0919.95 0485.43 0150.00 0150.00 
0919.95 0485.43 0150.00 0150.00 
0919.95 0484.93 0150.00 0150.00 
0919.95 0484.93 0150.00 0150.00 
0919.95 0484.93 0150.00 0150.00 
0920.25 0484.93 0150.00 0150.00 
0920.25 0484.93 0150.00 0150.00 
0920.25 0484.93 0150.00 0150.00 
0920.86 0485.93 0150.00 0150.00 
0920.86 0485.93 0150.00 0150.00 
0920.86 0485.93 0150.00 0150.00 
0920.86 0485.43 0150.00 0150.00 
0920.86 0485.43 0150.00 0150.00 
0920.86 0484.93 0150.00 0150.00 
0921.46 0483.42 0150.00 0150.00 
0921.46 0483.42 0150.00 0150.00 
0921.46 0483.42 0150.00 0150.00 
0921.46 0483.42 0150.00 0150.00 
0921.46 0483.42 0150.00 0150.00 
0921.46 0483.42 0150.00 0150.00 
0921.46 0483.42 0150.00 0150.00 
0921.46 0483.42 0150.00 0150.00 
0920.86 0483.92 0150.00 0150.00 
0920.86 0483.92 0150.00 0150.00 
0920.86 0483.92 0150.00 0150.00 
0921.16 0483.42 0150.00 0150.00 
0921.16 0483.42 0150.00 0150.00 
0921.16 0483.42 0150.00 0150.00 
0921.16 0483.42 0150.00 0150.00 
0921.16 0483.42 0150.00 0150.00 
0920.86 0484.93 0150.00 0150.00 
0921.46 0483.42 0150.00 0150.00 
0921.46 0483.42 0150.00 0150.00 
0921.46 0481.41 0150.00 0150.00 
0921.46 0481.41 0150.00 0150.00 
0921.46 0481.41 0150.00 0150.00 
0921.46 0481.41 0150.00 0150.00 
0921.46 0481.41 0150.00 0150.00 
0921.46 0481.41 0150.00 0150.00 
0921.46 0481.41 0150.00 0150.00 
0921.46 0481.41 0150.00 0150.00 
0921.46 0481.41 0150.00 0150.00 
0922.07 0482.92 0150.00 0150.00 
0921.46 0481.41 0150.00 0150.00 
0921.46 0481.41 0150.00 0150.00 
0921.77 0480.40 0150.00 0150.00 
0921.77 0480.40 0150.00 0150.00 
0921.77 0481.41 0150.00 0150.00 
0922.07 0479.40 0150.00 0150.00 
0922.07 0479.90 0150.00 0150.00 
0922.07 0479.90 0150.00 0150.00 
0922.07 0479.90 0150.00 0150.00 
0922.07 0479.90 0150.00 0150.00 
0922.07 0479.90 0150.00 0150.00 
0922.07 0479.90 0150.00 0150.00 
0922.07 0479.90 0150.00 0150.00 
0922.07 0479.90 0150.00 0150.00 
0922.07 0479.90 0150.00 0150.00 
0922.07 0479.90 0150.00 0150.00 
0922.07 0479.90 0150.00 0150.00 
0922.07 0479.90 0150.00 0150.00 
0921.77 0479.90 0150.00 0150.00 
0921.77 0479.90 0150.00 0150.00 
0921.77 0479.90 0150.00 0150.00 
0921.77 0479.90 0150.00 0150.00 
0922.67 0479.40 0150.00 0150.00 
0922.37 0479.90 0150.00 0150.00 
0922.67 0482.41 0150.00 0150.00 
0922.98 0480.91 0150.00 0150.00 
0922.98 0480.40 0150.00 0150.00 
0922.98 0480.40 0150.00 0150.00 
0922.67 0479.40 0150.00 0150.00 
0922.67 0479.40 0150.00 0150.00 
0922.67 0477.39 0150.00 0150.00 
0922.67 0477.39 0150.00 0150.00 
0922.67 0476.89 0150.00 0150.00 
0922.67 0476.89 0150.00 0150.00 
0922.67 0476.89 0150.00 0150.00 
0922.67 0476.89 0150.00 0150.00 
0922.67 0476.38 0150.00 0150.00 
0922.67 0476.38 0150.00 0150.00 
0922.67 0477.89 0150.00 0150.00 
0922.67 0477.89 0150.00 0150.00 
0922.67 0477.89 0150.00 0150.00 
0922.37 0477.89 0150.00 0150.00 
0922.67 0477.39 0150.00 0150.00 
0922.67 0477.39 0150.00 0150.00 
0922.67 0477.39 0150.00 0150.00 
0922.67 0477.39 0150.00 0150.00 
0922.67 0476.89 0150.00 0150.00 
0922.67 0476.89 0150.00 0150.00 
0922.67 0476.89 0150.00 0150.00 
0922.67 0476.89 0150.00 0150.00 
0923.28 0476.89 0150.00 0150.00 
0923.28 0476.89 0150.00 0150.00 
0923.28 0476.89 0150.00 0150.00 
0923.28 0475.88 0150.00 0150.00 
0923.28 0475.88 0150.00 0150.00 
0923.28 0475.88 0150.00 0150.00 
0923.28 0475.88 0150.00 0150.00 
0923.28 0475.38 0150.00 0150.00 
0922.98 0475.38 0150.00 0150.00 
0923.28 0475.38 0150.00 0150.00 
0923.28 0475.38 0150.00 0150.00 
0923.28 0475.38 0150.00 0150.00 
0924.49 0475.38 0150.00 0150.00 
0923.88 0473.37 0150.00 0150.00 
0923.88 0473.37 0150.00 0150.00 
0923.88 0473.37 0150.00 0150.00 
0923.58 0475.38 0150.00 0150.00 
0923.88 0472.36 0150.00 0150.00 
0923.58 0474.37 0150.00 0150.00 
0923.58 0474.37 0150.00 0150.00 
0923.88 0472.87 0150.00 0150.00 
0923.88 0473.87 0150.00 0150.00 
0923.88 0473.87 0150.00 0150.00 
0923.58 0475.38 0150.00 0150.00 
0924.19 0473.87 0150.00 0150.00 
0924.19 0473.87 0150.00 0150.00 
0924.19 0473.87 0150.00 0150.00 
0924.19 0473.87 0150.00 0150.00 
0924.19 0473.87 0150.00 0150.00 
0924.19 0473.87 0150.00 0150.00 
0924.19 0473.87 0150.00 0150.00 
0924.49 0473.87 0150.00 0150.00 
0924.49 0471.36 0150.00 0150.00 
0924.49 0471.36 0150.00 0150.00 
0924.19 0472.87 0150.00 0150.00 
0924.19 0472.87 0150.00 0150.00 
0924.19 0472.87 0150.00 0150.00 
0924.19 0472.87 0150.00 0150.00 
0924.19 0472.87 0150.00 0150.00 
0924.19 0471.86 0150.00 0150.00 
0924.49 0471.36 0150.00 0150.00 
0924.79 0470.86 0150.00 0150.00 
0924.79 0471.86 0150.00 0150.00 
0924.79 0470.35 0150.00 0150.00 
0924.79 0470.35 0150.00 0150.00 
0924.79 0470.35 0150.00 0150.00 
0924.49 0471.36 0150.00 0150.00 
0924.49 0471.36 0150.00 0150.00 
0924.79 0469.85 0150.00 0150.00 
0925.40 0469.35 0150.00 0150.00 
0925.40 0469.35 0150.00 0150.00 
0924.49 0469.85 0150.00 0150.00 
0924.49 0468.85 0150.00 0150.00 
0925.40 0468.85 0150.00 0150.00 
0924.49 0469.35 0150.00 0150.00 
0925.40 0469.35 0150.00 0150.00 
0924.79 0469.35 0150.00 0150.00 
0925.09 0469.35 0150.00 0150.00 
0925.40 0470.35 0150.00 0150.00 
0924.49 0468.34 0150.00 0150.00 
0924.49 0468.34 0150.00 0150.00 
0925.09 0468.85 0150.00 0150.00 
0925.09 0468.85 0150.00 0150.00 
0925.09 0468.85 0150.00 0150.00 
0925.09 0469.85 0150.00 0150.00 
0925.40 0469.85 0150.00 0150.00 
0925.40 0469.85 0150.00 0150.00 
0925.40 0469.35 0150.00 0150.00 
0925.70 0467.84 0150.00 0150.00 
0925.70 0467.84 0150.00 0150.00 
0925.09 0467.84 0150.00 0150.00 
0925.40 0467.84 0150.00 0150.00 
0925.40 0467.34 0150.00 0150.00 
0925.70 0468.34 0150.00 0150.00 
0925.70 0467.34 0150.00 0150.00 
0925.70 0466.84 0150.00 0150.00 
0925.70 0466.84 0150.00 0150.00 
0925.70 0465.83 0150.00 0150.00 
0925.70 0465.33 0150.00 0150.00 
0925.70 0465.33 0150.00 0150.00 
0925.70 0465.33 0150.00 0150.00 
0925.70 0465.33 0150.00 0150.00 
0925.40 0464.82 0150.00 0150.00 
0925.40 0465.83 0150.00 0150.00 
0926.30 0465.33 0150.00 0150.00 
0925.40 0465.33 0150.00 0150.00 
0925.40 0465.33 0150.00 0150.00 
0925.40 0465.33 0150.00 0150.00 
0925.40 0464.32 0150.00 0150.00 
0925.70 0463.82 0150.00 0150.00 
0925.70 0464.32 0150.00 0150.00 
0925.70 0464.32 0150.00 0150.00 
0926.00 0463.82 0150.00 0150.00 
0926.00 0463.82 0150.00 0150.00 
0926.00 0463.82 0150.00 0150.00 
0926.00 0463.82 0150.00 0150.00 
0925.70 0463.82 0150.00 0150.00 
0925.70 0463.82 0150.00 0150.00 
0925.70 0464.32 0150.00 0150.00 
0926.30 0463.82 0150.00 0150.00 
0926.30 0463.82 0150.00 0150.00 
0926.30 0463.82 0150.00 0150.00 
0926.30 0463.82 0150.00 0150.00 
0926.30 0463.82 0150.00 0150.00 
0932.96 0429.65 0150.00 0150.00 
0932.96 0429.65 0150.00 0150.00 
0932.96 0429.65 0150.00 0150.00 
0933.57 0429.65 0150.00 0150.00 
0932.96 0428.64 0150.00 0150.00 
0932.96 0428.64 0150.00 0150.00 
0932.96 0428.64 0150.00 0150.00 
0932.96 0428.64 0150.00 0150.00 
0932.96 0428.64 0150.00 0150.00 
0932.66 0428.64 0150.00 0150.00 
0932.66 0427.14 0150.00 0150.00 
0932.96 0427.14 0150.00 0150.00 
0932.96 0427.14 0150.00 0150.00 
0933.87 0427.14 0150.00 0150.00 
0933.57 0427.14 0150.00 0150.00 
0933.26 0426.13 0150.00 0150.00 
0933.26 0426.13 0150.00 0150.00 
0933.26 0426.13 0150.00 0150.00 
0933.26 0426.63 0150.00 0150.00 
0933.57 0427.14 0150.00 0150.00 
0933.26 0427.14 0150.00 0150.00 
0933.26 0426.63 0150.00 0150.00 
0933.26 0426.13 0150.00 0150.00 
0932.66 0425.63 0150.00 0150.00 
0933.57 0426.13 0150.00 0150.00 
0933.57 0426.13 0150.00 0150.00 
0933.57 0426.13 0150.00 0150.00 
0933.26 0426.13 0150.00 0150.00 
0933.57 0426.13 0150.00 0150.00 
0933.57 0426.13 0150.00 0150.00 
0933.57 0424.12 0150.00 0150.00 
0932.66 0424.12 0150.00 0150.00 
0932.96 0424.12 0150.00 0150.00 
0933.57 0424.62 0150.00 0150.00 
0934.17 0425.63 0150.00 0150.00 
0933.87 0423.62 0150.00 0150.00 
0933.57 0426.63 0150.00 0150.00 
0933.57 0427.14 0150.00 0150.00 
0933.26 0426.13 0150.00 0150.00 
0933.57 0426.13 0150.00 0150.00 
0934.47 0427.14 0150.00 0150.00 
0934.47 0427.14 0150.00 0150.00 
0934.47 0427.14 0150.00 0150.00 
0933.87 0427.14 0150.00 0150.00 
0933.26 0425.63 0150.00 0150.00 
0933.26 0426.63 0150.00 0150.00 
0932.96 0428.64 0150.00 0150.00 
0933.26 0426.63 0150.00 0150.00 
0932.96 0428.64 0150.00 0150.00 
0932.96 0428.64 0150.00 0150.00 
0932.96 0430.15 0150.00 0150.00 
0932.66 0427.64 0150.00 0150.00 
0933.57 0428.14 0150.00 0150.00 
0933.57 0428.14 0150.00 0150.00 
0933.87 0428.64 0150.00 0150.00 
0932.96 0428.64 0150.00 0150.00 
0932.96 0427.14 0150.00 0150.00 
0932.96 0427.14 0150.00 0150.00 
0933.26 0427.14 0150.00 0150.00 
0933.26 0427.64 0150.00 0150.00 
0933.57 0429.15 0150.00 0150.00 
0934.17 0428.64 0150.00 0150.00 
0933.57 0429.15 0150.00 0150.00 
0933.57 0427.14 0150.00 0150.00 
0933.26 0427.14 0150.00 0150.00 
0932.66 0428.14 0150.00 0150.00 
0932.66 0428.14 0150.00 0150.00 
0932.66 0428.64 0150.00 0150.00 
0932.96 0427.64 0150.00 0150.00 
0932.96 0428.64 0150.00 0150.00 
0933.26 0429.15 0150.00 0150.00 
0933.57 0429.65 0150.00 0150.00 
0932.05 0429.15 0150.00 0150.00 
0932.96 0430.65 0150.00 0150.00 
0933.57 0430.65 0150.00 0150.00 
0933.57 0429.15 0150.00 0150.00 
0932.66 0429.15 0150.00 0150.00 
0933.87 0430.15 0150.00 0150.00 
0933.57 0429.65 0150.00 0150.00 
0932.96 0430.15 0150.00 0150.00 
0932.96 0429.65 0150.00 0150.00 
0932.66 0429.15 0150.00 0150.00 
0932.36 0430.65 0150.00 0150.00 
0932.66 0431.16 0150.00 0150.00 
0932.96 0430.65 0150.00 0150.00 
0932.96 0432.16 0150.00 0150.00 
0932.66 0430.65 0150.00 0150.00 
0932.66 0430.65 0150.00 0150.00 
0932.96 0430.65 0150.00 0150.00 
0932.96 0429.15 0150.00 0150.00 
0932.66 0430.15 0150.00 0150.00 
0932.66 0433.17 0150.00 0150.00 
0932.66 0433.17 0150.00 0150.00 
0932.05 0433.17 0150.00 0150.00 
0932.96 0433.67 0150.00 0150.00 
0932.66 0434.17 0150.00 0150.00 
0931.75 0432.16 0150.00 0150.00 
0932.05 0434.67 0150.00 0150.00 
0932.05 0434.67 0150.00 0150.00 
0932.05 0434.67 0150.00 0150.00 
0932.05 0432.16 0150.00 0150.00 
0932.05 0432.66 0150.00 0150.00 
0932.05 0434.17 0150.00 0150.00 
0932.05 0434.17 0150.00 0150.00 
0932.05 0434.67 0150.00 0150.00 
0931.75 0435.18 0150.00 0150.00 
0931.45 0433.17 0150.00 0150.00 
0931.75 0436.18 0150.00 0150.00 
0931.75 0434.67 0150.00 0150.00 
0931.75 0435.18 0150.00 0150.00 
0932.66 0436.18 0150.00 0150.00 
0931.75 0437.69 0150.00 0150.00 
0932.36 0436.18 0150.00 0150.00 
0932.36 0435.18 0150.00 0150.00 
0931.75 0435.68 0150.00 0150.00 
0931.45 0436.18 0150.00 0150.00 
0931.75 0436.68 0150.00 0150.00 
0931.75 0436.68 0150.00 0150.00 
0931.75 0436.68 0150.00 0150.00 
0931.75 0436.68 0150.00 0150.00 
0932.05 0436.68 0150.00 0150.00 
0932.05 0436.68 0150.00 0150.00 
0932.05 0436.68 0150.00 0150.00 
0932.05 0436.68 0150.00 0150.00 
0932.05 0436.68 0150.00 0150.00 
0931.75 0436.68 0150.00 0150.00 
0931.75 0436.68 0150.00 0150.00 
0931.75 0435.18 0150.00 0150.00 
0931.14 0435.18 0150.00 0150.00 
0931.14 0437.69 0150.00 0150.00 
0931.14 0438.19 0150.00 0150.00 
0931.14 0438.19 0150.00 0150.00 
0931.75 0437.69 0150.00 0150.00 
0931.14 0438.19 0150.00 0150.00 
0930.84 0437.69 0150.00 0150.00 
0930.54 0440.70 0150.00 0150.00 
0931.14 0440.70 0150.00 0150.00 
0930.84 0442.21 0150.00 0150.00 
0931.14 0441.71 0150.00 0150.00 
0931.14 0441.71 0150.00 0150.00 
0931.14 0441.21 0150.00 0150.00 
0930.84 0440.70 0150.00 0150.00 
0930.84 0440.70 0150.00 0150.00 
0930.24 0440.20 0150.00 0150.00 
0930.24 0440.70 0150.00 0150.00 
0930.24 0440.70 0150.00 0150.00 
0930.24 0440.70 0150.00 0150.00 
0930.24 0440.70 0150.00 0150.00 
0930.24 0440.70 0150.00 0150.00 
0930.24 0441.21 0150.00 0150.00 
0930.24 0441.21 0150.00 0150.00 
0930.54 0440.70 0150.00 0150.00 
0930.54 0440.70 0150.00 0150.00 
0930.84 0441.21 0150.00 0150.00 
0930.84 0441.21 0150.00 0150.00 
0930.84 0441.71 0150.00 0150.00 
0930.54 0441.21 0150.00 0150.00 
0930.54 0441.21 0150.00 0150.00 
0930.24 0440.70 0150.00 0150.00 
0930.24 0440.70 0150.00 0150.00 
0930.24 0440.70 0150.00 0150.00 
0930.24 0442.71 0150.00 0150.00 
0930.24 0442.71 0150.00 0150.00 
0930.24 0442.71 0150.00 0150.00 
0929.93 0444.22 0150.00 0150.00 
0930.54 0443.22 0150.00 0150.00 
0929.93 0443.22 0150.00 0150.00 
0929.93 0443.22 0150.00 0150.00 
0929.93 0444.22 0150.00 0150.00 
0929.93 0444.22 0150.00 0150.00 
0929.93 0444.22 0150.00 0150.00 
0929.93 0444.22 0150.00 0150.00 
0930.24 0445.73 0150.00 0150.00 
0929.63 0444.22 0150.00 0150.00 
0929.63 0444.22 0150.00 0150.00 
0929.63 0444.22 0150.00 0150.00 
0929.33 0446.73 0150.00 0150.00 
0929.63 0446.73 0150.00 0150.00 
0930.54 0447.24 0150.00 0150.00 
0929.63 0447.24 0150.00 0150.00 
0929.03 0448.24 0150.00 0150.00 
0929.33 0446.73 0150.00 0150.00 
0929.93 0445.73 0150.00 0150.00 
0929.33 0445.23 0150.00 0150.00 
0929.33 0445.23 0150.00 0150.00 
0929.33 0445.23 0150.00 0150.00 
0929.63 0446.23 0150.00 0150.00 
0929.63 0446.23 0150.00 0150.00 
0929.63 0446.23 0150.00 0150.00 
0929.33 0446.73 0150.00 0150.00 
0929.33 0446.73 0150.00 0150.00 
0929.03 0447.74 0150.00 0150.00 
0929.03 0447.74 0150.00 0150.00 
0929.33 0446.73 0150.00 0150.00 
0929.33 0447.74 0150.00 0150.00 
0929.33 0447.74 0150.00 0150.00 
0929.33 0447.74 0150.00 0150.00 
0929.33 0447.74 0150.00 0150.00 
0929.33 0447.74 0150.00 0150.00 
0929.33 0448.74 0150.00 0150.00 
0929.93 0448.24 0150.00 0150.00 
0929.93 0448.24 0150.00 0150.00 
0929.63 0448.24 0150.00 0150.00 
0928.72 0448.24 0150.00 0150.00 
0929.93 0448.24 0150.00 0150.00 
0929.33 0449.25 0150.00 0150.00 
0929.33 0447.74 0150.00 0150.00 
0928.72 0448.74 0150.00 0150.00 
0928.72 0449.25 0150.00 0150.00 
0928.72 0449.25 0150.00 0150.00 
0928.72 0449.25 0150.00 0150.00 
0928.72 0449.25 0150.00 0150.00 
0929.03 0448.74 0150.00 0150.00 
0929.03 0451.26 0150.00 0150.00 
0929.03 0450.25 0150.00 0150.00 
0929.03 0450.25 0150.00 0150.00 
0929.03 0449.25 0150.00 0150.00 
0929.03 0450.25 0150.00 0150.00 
0928.72 0450.25 0150.00 0150.00 
0928.42 0451.26 0150.00 0150.00 
0928.72 0451.76 0150.00 0150.00 
0929.03 0450.75 0150.00 0150.00 
0928.12 0451.76 0150.00 0150.00 
0928.12 0451.26 0150.00 0150.00 
0928.12 0451.26 0150.00 0150.00 
0928.12 0451.26 0150.00 0150.00 
0928.12 0451.26 0150.00 0150.00 
0928.12 0451.76 0150.00 0150.00 
0928.12 0452.26 0150.00 0150.00 
0928.12 0452.26 0150.00 0150.00 
0928.12 0452.26 0150.00 0150.00 
0928.12 0452.26 0150.00 0150.00 
0928.12 0452.26 0150.00 0150.00 
0928.12 0453.77 0150.00 0150.00 
0928.12 0453.77 0150.00 0150.00 
0928.12 0453.77 0150.00 0150.00 
0928.12 0453.77 0150.00 0150.00 
0928.12 0453.77 0150.00 0150.00 
0928.12 0453.27 0150.00 0150.00 
0928.12 0453.27 0150.00 0150.00 
0928.12 0452.26 0150.00 0150.00 
0928.42 0453.27 0150.00 0150.00 
0928.42 0454.77 0150.00 0150.00 
0928.42 0454.77 0150.00 0150.00 
0927.82 0453.27 0150.00 0150.00 
0927.82 0453.27 0150.00 0150.00 
0927.82 0453.27 0150.00 0150.00 
0927.82 0453.27 0150.00 0150.00 
0927.82 0453.27 0150.00 0150.00 
0927.82 0453.27 0150.00 0150.00 
0919.65 0487.44 0150.00 0150.00 
0919.65 0487.44 0150.00 0150.00 
0919.65 0487.94 0150.00 0150.00 
0919.65 0488.44 0150.00 0150.00 
0919.95 0487.44 0150.00 0150.00 
0919.95 0486.94 0150.00 0150.00 
0919.95 0486.94 0150.00 0150.00 
0919.95 0486.43 0150.00 0150.00 
0919.95 0486.43 0150.00 0150.00 
0920.86 0486.43 0150.00 0150.00 
0920.86 0486.43 0150.00 0150.00 
0921.16 0486.43 0150.00 0150.00 
0921.16 0486.43 0150.00 0150.00 
0921.16 0486.43 0150.00 0150.00 
0921.16 0486.43 0150.00 0150.00 
0921.16 0486.43 0150.00 0150.00 
0921.16 0486.43 0150.00 0150.00 
0921.16 0485.93 0150.00 0150.00 
0921.16 0485.43 0150.00 0150.00 
0920.86 0484.93 0150.00 0150.00 
0920.86 0484.93 0150.00 0150.00 
0920.86 0484.93 0150.00 0150.00 
0920.86 0484.93 0150.00 0150.00 
0920.86 0484.93 0150.00 0150.00 
0920.56 0484.93 0150.00 0150.00 
0920.56 0484.93 0150.00 0150.00 
0920.56 0484.93 0150.00 0150.00 
0920.56 0484.93 0150.00 0150.00 
0920.56 0484.93 0150.00 0150.00 
0921.16 0484.93 0150.00 0150.00 
0921.46 0484.42 0150.00 0150.00 
0921.46 0483.92 0150.00 0150.00 
0920.86 0485.43 0150.00 0150.00 
0921.46 0485.43 0150.00 0150.00 
0921.16 0483.92 0150.00 0150.00 
0921.46 0483.42 0150.00 0150.00 
0921.46 0483.42 0150.00 0150.00 
0921.46 0483.42 0150.00 0150.00 
0921.46 0483.42 0150.00 0150.00 
0921.46 0482.41 0150.00 0150.00 
0921.46 0482.41 0150.00 0150.00 
0921.16 0482.92 0150.00 0150.00 
0921.77 0480.91 0150.00 0150.00 
0921.46 0481.41 0150.00 0150.00 
0921.46 0481.41 0150.00 0150.00 
0921.46 0481.41 0150.00 0150.00 
0921.46 0481.41 0150.00 0150.00 
0921.46 0481.41 0150.00 0150.00 
0921.16 0480.40 0150.00 0150.00 
0921.16 0480.40 0150.00 0150.00 
0921.46 0480.91 0150.00 0150.00 
0921.46 0480.91 0150.00 0150.00 
0921.77 0479.90 0150.00 0150.00 
0921.77 0479.90 0150.00 0150.00 
0921.77 0479.90 0150.00 0150.00 
0922.37 0478.90 0150.00 0150.00 
0921.77 0478.39 0150.00 0150.00 
0921.46 0479.40 0150.00 0150.00 
0921.46 0478.90 0150.00 0150.00 
0921.46 0478.90 0150.00 0150.00 
0922.67 0478.39 0150.00 0150.00 
0921.77 0477.89 0150.00 0150.00 
0921.77 0477.89 0150.00 0150.00 
0921.77 0479.40 0150.00 0150.00 
0921.77 0478.39 0150.00 0150.00 
0921.77 0478.39 0150.00 0150.00 
0921.77 0478.39 0150.00 0150.00 
0921.46 0477.89 0150.00 0150.00 
0922.07 0477.89 0150.00 0150.00 
0922.07 0477.89 0150.00 0150.00 
0922.07 0477.89 0150.00 0150.00 
0922.07 0477.89 0150.00 0150.00 
0922.07 0477.89 0150.00 0150.00 
0922.07 0477.89 0150.00 0150.00 
0922.37 0477.89 0150.00 0150.00 
0922.37 0475.88 0150.00 0150.00 
0922.37 0476.38 0150.00 0150.00 
0922.37 0476.89 0150.00 0150.00 
0922.07 0475.38 0150.00 0150.00 
0922.07 0475.88 0150.00 0150.00 
0922.07 0477.39 0150.00 0150.00 
0922.67 0476.89 0150.00 0150.00 
0922.67 0476.89 0150.00 0150.00 
0922.98 0477.39 0150.00 0150.00 
0921.77 0476.89 0150.00 0150.00 
0922.37 0476.38 0150.00 0150.00 
0922.37 0477.39 0150.00 0150.00 
0922.67 0476.89 0150.00 0150.00 
0922.98 0476.38 0150.00 0150.00 
0922.98 0476.38 0150.00 0150.00 
0922.98 0475.38 0150.00 0150.00 
0922.67 0476.89 0150.00 0150.00 
0922.67 0476.89 0150.00 0150.00 
0922.98 0476.89 0150.00 0150.00 
0923.28 0474.88 0150.00 0150.00 
0922.37 0476.89 0150.00 0150.00 
0922.37 0476.89 0150.00 0150.00 
0922.67 0474.88 0150.00 0150.00 
0922.67 0474.88 0150.00 0150.00 
0923.28 0474.37 0150.00 0150.00 
0922.37 0474.37 0150.00 0150.00 
0922.37 0474.88 0150.00 0150.00 
0923.28 0475.38 0150.00 0150.00 
0923.28 0475.38 0150.00 0150.00 
0923.28 0475.38 0150.00 0150.00 
0923.28 0475.38 0150.00 0150.00 
0922.37 0474.88 0150.00 0150.00 
0923.28 0473.37 0150.00 0150.00 
0923.28 0474.88 0150.00 0150.00 
0923.28 0474.88 0150.00 0150.00 
0923.28 0474.88 0150.00 0150.00 
0923.28 0474.88 0150.00 0150.00 
0923.28 0474.88 0150.00 0150.00 
0923.88 0474.88 0150.00 0150.00 
0924.19 0473.37 0150.00 0150.00 
0923.58 0474.37 0150.00 0150.00 
0923.58 0473.37 0150.00 0150.00 
0923.58 0473.37 0150.00 0150.00 
0923.88 0471.86 0150.00 0150.00 
0923.88 0473.37 0150.00 0150.00 
0923.28 0471.86 0150.00 0150.00 
0924.19 0472.87 0150.00 0150.00 
0923.28 0472.36 0150.00 0150.00 
0923.58 0471.36 0150.00 0150.00 
0923.58 0471.36 0150.00 0150.00 
0923.58 0471.86 0150.00 0150.00 
0923.28 0468.85 0150.00 0150.00 
0923.88 0469.35 0150.00 0150.00 
0923.88 0469.35 0150.00 0150.00 
0923.88 0469.35 0150.00 0150.00 
0923.58 0468.85 0150.00 0150.00 
0923.28 0468.85 0150.00 0150.00 
0923.88 0469.35 0150.00 0150.00 
0923.88 0469.35 0150.00 0150.00 
0924.19 0469.85 0150.00 0150.00 
0924.19 0468.34 0150.00 0150.00 
0924.19 0469.35 0150.00 0150.00 
0923.58 0469.35 0150.00 0150.00 
0923.88 0468.85 0150.00 0150.00 
0924.19 0468.85 0150.00 0150.00 
0924.19 0469.35 0150.00 0150.00 
0924.19 0469.35 0150.00 0150.00 
0924.19 0469.35 0150.00 0150.00 
0924.49 0469.35 0150.00 0150.00 
0924.49 0469.35 0150.00 0150.00 
0924.49 0469.35 0150.00 0150.00 
0924.49 0469.35 0150.00 0150.00 
0924.49 0469.35 0150.00 0150.00 
0924.49 0469.35 0150.00 0150.00 
0924.49 0469.35 0150.00 0150.00 
0924.19 0469.35 0150.00 0150.00 
0924.49 0470.35 0150.00 0150.00 
0923.88 0469.85 0150.00 0150.00 
0924.19 0468.85 0150.00 0150.00 
0924.49 0468.34 0150.00 0150.00 
0924.49 0468.34 0150.00 0150.00 
0924.19 0468.34 0150.00 0150.00 
0924.49 0468.34 0150.00 0150.00 
0923.88 0467.34 0150.00 0150.00 
0923.88 0467.34 0150.00 0150.00 
0923.88 0468.34 0150.00 0150.00 
0924.19 0468.34 0150.00 0150.00 
0924.79 0468.34 0150.00 0150.00 
0924.19 0469.35 0150.00 0150.00 
0924.79 0467.84 0150.00 0150.00 
0924.19 0467.84 0150.00 0150.00 
0924.19 0468.34 0150.00 0150.00 
0924.19 0468.34 0150.00 0150.00 
0925.40 0467.84 0150.00 0150.00 
0923.88 0468.34 0150.00 0150.00 
0924.79 0468.85 0150.00 0150.00 
0924.79 0468.34 0150.00 0150.00 
0924.79 0468.34 0150.00 0150.00 
0924.49 0468.34 0150.00 0150.00 
0924.79 0468.34 0150.00 0150.00 
0925.09 0466.84 0150.00 0150.00 
0925.40 0468.34 0150.00 0150.00 
0925.09 0467.34 0150.00 0150.00 
0924.79 0466.33 0150.00 0150.00 
0925.09 0465.83 0150.00 0150.00 
0924.79 0465.33 0150.00 0150.00 
0925.40 0464.82 0150.00 0150.00 
0925.40 0464.82 0150.00 0150.00 
0925.40 0464.82 0150.00 0150.00 
0925.40 0464.82 0150.00 0150.00 
0925.40 0463.32 0150.00 0150.00 
0925.70 0463.82 0150.00 0150.00 
0925.09 0463.32 0150.00 0150.00 
0925.70 0462.81 0150.00 0150.00 
0926.00 0463.82 0150.00 0150.00 
0925.09 0463.82 0150.00 0150.00 
0925.09 0463.82 0150.00 0150.00 
0925.40 0464.32 0150.00 0150.00 
0925.40 0464.32 0150.00 0150.00 
0925.40 0464.32 0150.00 0150.00 
0925.40 0462.81 0150.00 0150.00 
0925.09 0462.31 0150.00 0150.00 
0925.09 0462.81 0150.00 0150.00 
0925.09 0461.81 0150.00 0150.00 
0925.40 0461.81 0150.00 0150.00 
0925.70 0461.81 0150.00 0150.00 
0925.70 0461.81 0150.00 0150.00 
0925.70 0461.81 0150.00 0150.00 
0925.70 0462.31 0150.00 0150.00 
0925.40 0462.81 0150.00 0150.00 
0925.09 0462.81 0150.00 0150.00 
0925.40 0462.31 0150.00 0150.00 
0926.00 0461.81 0150.00 0150.00 
0926.00 0462.81 0150.00 0150.00 
0925.70 0461.31 0150.00 0150.00 
0925.70 0461.31 0150.00 0150.00 
0925.70 0462.81 0150.00 0150.00 
0925.70 0462.31 0150.00 0150.00 
0925.40 0461.31 0150.00 0150.00 
0926.00 0460.30 0150.00 0150.00 
0925.70 0460.80 0150.00 0150.00 
0926.30 0460.80 0150.00 0150.00 
0925.40 0460.30 0150.00 0150.00 
0925.70 0460.30 0150.00 0150.00 
0926.30 0460.30 0150.00 0150.00 
0925.70 0458.79 0150.00 0150.00 
0925.70 0459.30 0150.00 0150.00 
0926.30 0459.30 0150.00 0150.00 
0926.30 0459.30 0150.00 0150.00 
0926.30 0459.30 0150.00 0150.00 
0926.00 0460.80 0150.00 0150.00 
0926.00 0460.80 0150.00 0150.00 
0926.00 0460.80 0150.00 0150.00 
0926.30 0460.80 0150.00 0150.00 
0926.30 0460.30 0150.00 0150.00 
0926.30 0459.80 0150.00 0150.00 
0926.00 0459.80 0150.00 0150.00 
0926.30 0459.30 0150.00 0150.00 
0926.91 0458.79 0150.00 0150.00 
0926.30 0458.79 0150.00 0150.00 
0926.91 0458.79 0150.00 0150.00 
0926.30 0458.79 0150.00 0150.00 
0926.30 0458.79 0150.00 0150.00 
0926.91 0457.29 0150.00 0150.00 
0926.91 0457.29 0150.00 0150.00 
0926.61 0456.28 0150.00 0150.00 
0926.91 0455.78 0150.00 0150.00 
0926.30 0456.28 0150.00 0150.00 
0926.30 0456.78 0150.00 0150.00 
0926.00 0457.79 0150.00 0150.00 
0926.00 0456.78 0150.00 0150.00 
0926.00 0456.78 0150.00 0150.00 
0926.61 0456.78 0150.00 0150.00 
0926.61 0456.28 0150.00 0150.00 
0926.61 0457.29 0150.00 0150.00 
0932.36 0428.64 0150.00 0150.00 
0932.66 0428.64 0150.00 0150.00 
0932.66 0428.64 0150.00 0150.00 
0932.66 0428.64 0150.00 0150.00 
0933.26 0426.63 0150.00 0150.00 
0933.26 0426.63 0150.00 0150.00 
0933.26 0426.63 0150.00 0150.00 
0932.66 0426.63 0150.00 0150.00 
0932.66 0426.63 0150.00 0150.00 
0932.66 0426.63 0150.00 0150.00 
0933.57 0427.14 0150.00 0150.00 
0933.57 0427.14 0150.00 0150.00 
0933.57 0427.14 0150.00 0150.00 
0933.26 0426.13 0150.00 0150.00 
0933.26 0426.13 0150.00 0150.00 
0933.26 0426.13 0150.00 0150.00 
0933.26 0426.13 0150.00 0150.00 
0933.26 0426.13 0150.00 0150.00 
0933.26 0426.13 0150.00 0150.00 
0932.66 0425.63 0150.00 0150.00 
0933.26 0426.63 0150.00 0150.00 
0933.26 0426.13 0150.00 0150.00 
0933.26 0426.13 0150.00 0150.00 
0933.26 0426.13 0150.00 0150.00 
0933.26 0426.13 0150.00 0150.00 
0933.57 0426.13 0150.00 0150.00 
0933.57 0424.62 0150.00 0150.00 
0933.57 0424.62 0150.00 0150.00 
0932.96 0425.63 0150.00 0150.00 
0932.96 0426.13 0150.00 0150.00 
0932.96 0426.63 0150.00 0150.00 
0932.96 0426.63 0150.00 0150.00 
0932.96 0426.63 0150.00 0150.00 
0932.96 0426.63 0150.00 0150.00 
0932.96 0426.63 0150.00 0150.00 
0932.96 0428.14 0150.00 0150.00 
0932.96 0426.63 0150.00 0150.00 
0932.96 0426.63 0150.00 0150.00 
0932.96 0426.63 0150.00 0150.00 
0932.66 0427.64 0150.00 0150.00 
0932.96 0426.13 0150.00 0150.00 
0932.96 0428.14 0150.00 0150.00 
0932.96 0428.14 0150.00 0150.00 
0933.26 0428.14 0150.00 0150.00 
0932.96 0429.15 0150.00 0150.00 
0932.96 0427.14 0150.00 0150.00 
0932.66 0428.64 0150.00 0150.00 
0932.66 0428.64 0150.00 0150.00 
0932.96 0428.64 0150.00 0150.00 
0932.96 0428.64 0150.00 0150.00 
0932.96 0428.64 0150.00 0150.00 
0932.96 0428.64 0150.00 0150.00 
0933.26 0428.64 0150.00 0150.00 
0931.75 0428.64 0150.00 0150.00 
0932.36 0429.15 0150.00 0150.00 
0932.36 0429.15 0150.00 0150.00 
0932.66 0428.64 0150.00 0150.00 
0932.66 0429.15 0150.00 0150.00 
0932.66 0430.15 0150.00 0150.00 
0932.66 0430.15 0150.00 0150.00 
0932.66 0430.15 0150.00 0150.00 
0932.66 0430.15 0150.00 0150.00 
0932.66 0430.15 0150.00 0150.00 
0932.66 0429.65 0150.00 0150.00 
0932.36 0432.16 0150.00 0150.00 
0932.36 0431.16 0150.00 0150.00 
0932.36 0431.16 0150.00 0150.00 
0932.36 0431.16 0150.00 0150.00 
0932.36 0431.16 0150.00 0150.00 
0932.36 0431.66 0150.00 0150.00 
0932.36 0431.66 0150.00 0150.00 
0932.05 0432.16 0150.00 0150.00 
0932.05 0432.16 0150.00 0150.00 
0932.66 0433.67 0150.00 0150.00 
0932.36 0433.17 0150.00 0150.00 
0932.05 0433.67 0150.00 0150.00 
0932.05 0433.67 0150.00 0150.00 
0932.05 0433.67 0150.00 0150.00 
0932.05 0433.17 0150.00 0150.00 
0932.66 0433.67 0150.00 0150.00 
0932.66 0433.17 0150.00 0150.00 
0932.36 0432.66 0150.00 0150.00 
0932.05 0433.17 0150.00 0150.00 
0932.05 0433.17 0150.00 0150.00 
0932.05 0433.67 0150.00 0150.00 
0931.75 0435.18 0150.00 0150.00 
0931.75 0435.18 0150.00 0150.00 
0931.75 0435.18 0150.00 0150.00 
0931.75 0435.18 0150.00 0150.00 
0932.05 0437.69 0150.00 0150.00 
0932.05 0437.69 0150.00 0150.00 
0932.36 0435.68 0150.00 0150.00 
0932.36 0434.67 0150.00 0150.00 
0932.36 0435.18 0150.00 0150.00 
0932.05 0435.68 0150.00 0150.00 
0932.05 0436.18 0150.00 0150.00 
0932.05 0434.17 0150.00 0150.00 
0931.75 0434.17 0150.00 0150.00 
0931.75 0435.68 0150.00 0150.00 
0931.14 0437.69 0150.00 0150.00 
0931.45 0434.67 0150.00 0150.00 
0931.75 0435.68 0150.00 0150.00 
0931.75 0435.68 0150.00 0150.00 
0931.75 0436.18 0150.00 0150.00 
0931.75 0436.18 0150.00 0150.00 
0931.75 0437.69 0150.00 0150.00 
0931.75 0435.68 0150.00 0150.00 
0931.75 0436.18 0150.00 0150.00 
0931.14 0438.19 0150.00 0150.00 
0931.14 0438.19 0150.00 0150.00 
0931.14 0437.69 0150.00 0150.00 
0931.45 0438.19 0150.00 0150.00 
0931.45 0438.19 0150.00 0150.00 
0931.45 0440.20 0150.00 0150.00 
0931.75 0439.70 0150.00 0150.00 
0931.75 0439.70 0150.00 0150.00 
0931.75 0439.70 0150.00 0150.00 
0931.75 0439.70 0150.00 0150.00 
0931.75 0439.70 0150.00 0150.00 
0931.45 0439.70 0150.00 0150.00 
0931.45 0439.70 0150.00 0150.00 
0931.45 0439.70 0150.00 0150.00 
0930.84 0439.70 0150.00 0150.00 
0930.84 0440.20 0150.00 0150.00 
0930.84 0440.70 0150.00 0150.00 
0930.84 0440.70 0150.00 0150.00 
0930.84 0440.70 0150.00 0150.00 
0930.84 0441.71 0150.00 0150.00 
0930.84 0441.71 0150.00 0150.00 
0930.84 0441.71 0150.00 0150.00 
0930.84 0441.71 0150.00 0150.00 
0930.84 0441.71 0150.00 0150.00 
0930.84 0441.21 0150.00 0150.00 
0930.54 0441.71 0150.00 0150.00 
0930.54 0441.71 0150.00 0150.00 
0930.54 0442.21 0150.00 0150.00 
0930.24 0442.21 0150.00 0150.00 
0930.24 0441.71 0150.00 0150.00 
0930.24 0442.21 0150.00 0150.00 
0930.24 0442.71 0150.00 0150.00 
0930.24 0443.72 0150.00 0150.00 
0930.24 0443.72 0150.00 0150.00 
0930.24 0443.72 0150.00 0150.00 
0930.24 0443.72 0150.00 0150.00 
0929.93 0443.72 0150.00 0150.00 
0929.93 0445.23 0150.00 0150.00 
0930.84 0445.23 0150.00 0150.00 
0929.93 0445.23 0150.00 0150.00 
0930.54 0444.22 0150.00 0150.00 
0930.24 0445.23 0150.00 0150.00 
0930.24 0445.73 0150.00 0150.00 
0930.54 0445.73 0150.00 0150.00 
0930.54 0445.73 0150.00 0150.00 
0930.24 0445.73 0150.00 0150.00 
0929.63 0445.73 0150.00 0150.00 
0929.63 0446.23 0150.00 0150.00 
0929.93 0446.23 0150.00 0150.00 
0929.93 0446.23 0150.00 0150.00 
0930.54 0447.74 0150.00 0150.00 
0930.24 0445.23 0150.00 0150.00 
0929.63 0446.73 0150.00 0150.00 
0929.63 0446.73 0150.00 0150.00 
0930.84 0447.74 0150.00 0150.00 
0929.93 0447.74 0150.00 0150.00 
0929.93 0447.74 0150.00 0150.00 
0929.93 0447.74 0150.00 0150.00 
0929.93 0447.74 0150.00 0150.00 
0929.93 0447.74 0150.00 0150.00 
0929.63 0447.74 0150.00 0150.00 
0929.63 0447.24 0150.00 0150.00 
0929.63 0448.74 0150.00 0150.00 
0929.63 0448.74 0150.00 0150.00 
0929.63 0448.74 0150.00 0150.00 
0929.63 0448.74 0150.00 0150.00 
0929.63 0448.74 0150.00 0150.00 
0929.63 0448.24 0150.00 0150.00 
0929.63 0449.25 0150.00 0150.00 
0929.93 0449.75 0150.00 0150.00 
0929.33 0449.25 0150.00 0150.00 
0929.03 0448.74 0150.00 0150.00 
0929.03 0449.75 0150.00 0150.00 
0929.63 0450.25 0150.00 0150.00 
0929.63 0451.26 0150.00 0150.00 
0929.63 0451.26 0150.00 0150.00 
0929.63 0451.26 0150.00 0150.00 
0929.63 0450.75 0150.00 0150.00 
0929.03 0450.75 0150.00 0150.00 
0929.03 0451.26 0150.00 0150.00 
0929.63 0452.26 0150.00 0150.00 
0929.63 0452.26 0150.00 0150.00 
0929.33 0451.26 0150.00 0150.00 
0929.33 0451.26 0150.00 0150.00 
0929.33 0451.26 0150.00 0150.00 
0929.03 0451.26 0150.00 0150.00 
0929.03 0452.26 0150.00 0150.00 
0929.03 0452.76 0150.00 0150.00 
0929.03 0453.27 0150.00 0150.00 
0929.33 0452.76 0150.00 0150.00 
0929.33 0454.77 0150.00 0150.00 
0929.33 0454.27 0150.00 0150.00 
0929.03 0452.26 0150.00 0150.00 
0929.03 0454.77 0150.00 0150.00 
0929.03 0454.77 0150.00 0150.00 
0929.03 0454.77 0150.00 0150.00 
0929.03 0454.77 0150.00 0150.00 
0929.03 0454.77 0150.00 0150.00 
0929.03 0454.77 0150.00 0150.00 
0929.03 0454.77 0150.00 0150.00 
0929.03 0454.27 0150.00 0150.00 
0928.42 0454.77 0150.00 0150.00 
0928.72 0455.28 0150.00 0150.00 
0928.72 0455.28 0150.00 0150.00 
0928.72 0455.28 0150.00 0150.00 
0928.72 0456.28 0150.00 0150.00 
0928.72 0456.28 0150.00 0150.00 
0928.72 0456.28 0150.00 0150.00 
0928.12 0458.29 0150.00 0150.00 
0928.12 0458.29 0150.00 0150.00 
0928.72 0457.79 0150.00 0150.00 
0928.72 0457.29 0150.00 0150.00 
0928.72 0457.79 0150.00 0150.00 
0928.72 0457.79 0150.00 0150.00 
0928.72 0457.79 0150.00 0150.00 
0928.72 0457.79 0150.00 0150.00 
0928.42 0457.29 0150.00 0150.00 
0928.42 0457.29 0150.00 0150.00 
0928.12 0458.29 0150.00 0150.00 
0928.12 0458.29 0150.00 0150.00 
0928.72 0458.29 0150.00 0150.00 
0928.72 0458.29 0150.00 0150.00 
0928.12 0459.80 0150.00 0150.00 
0928.12 0459.80 0150.00 0150.00 
0928.72 0459.30 0150.00 0150.00 
0927.82 0458.29 0150.00 0150.00 
0927.82 0459.80 0150.00 0150.00 
0927.82 0458.79 0150.00 0150.00 
0927.82 0461.31 0150.00 0150.00 
0927.82 0458.79 0150.00 0150.00 
0928.12 0457.79 0150.00 0150.00 
0928.12 0459.30 0150.00 0150.00 
0928.42 0459.30 0150.00 0150.00 
0928.12 0459.80 0150.00 0150.00 
0928.72 0460.30 0150.00 0150.00 
0928.72 0460.30 0150.00 0150.00 
0927.82 0460.30 0150.00 0150.00 
0928.42 0459.30 0150.00 0150.00 
0927.82 0461.31 0150.00 0150.00 
0928.12 0459.80 0150.00 0150.00 
0928.12 0460.80 0150.00 0150.00 
0927.51 0461.31 0150.00 0150.00 
