166.4	171.0
121.4	187.0
123.4	210.0
167.4	211.0
109.7	220.0
124.4	168.5
129.7	218.5
138.4	203.0
131.4	162.0
113.7	187.9
163.7	211.4
120.7	170.4
115.7	180.4
136.4	172.4
115.4	200.4
134.6	195.0
120.4	164.9
126.0	191.4
168.0	217.5
141.0	202.4
147.0	190.4
122.4	202.9
158.4	183.9
135.4	184.9
169.4	180.9
144.4	198.9
156.4	191.9
147.4	162.4
144.4	201.4
154.4	192.4
163.4	186.4
122.4	181.4
132.6	173.4
163.6	173.4
128.6	209.9
129.6	200.9
155.6	170.9
128.4	164.4
160.4	160.4
144.2	170.4
150.2	206.4
163.0	205.4
135.0	165.4
146.0	191.4
127.0	188.9
114.0	216.9
155.0	201.4
119.0	205.4
112.0	194.4
121.0	197.4
135.0	155.4
167.0	165.4
165.0	191.4
140.0	198.4
150.0	182.4
146.0	200.9
169.0	155.9
147.0	189.9
145.2	187.9
116.2	209.9
118.2	169.9
113.9	175.9
164.9	166.9
147.9	194.9
131.9	171.4
165.9	199.4
151.9	165.9
166.5	190.4
130.5	174.4
136.5	204.4
160.5	212.4
156.5	191.4
148.5	158.4
136.5	210.4
124.5	163.4
168.9	190.9
170.9	195.9
130.9	201.9
164.2	161.4
129.2	174.4
148.2	157.4
135.2	201.4
162.2	173.4
149.9	207.9
152.5	211.4
151.5	170.4
150.5	199.4
151.5	157.4
166.5	171.4
171.5	178.4
125.5	178.4
162.5	182.4
160.5	158.4
159.5	211.4
141.5	208.4
123.1	157.9
153.5	172.4
128.5	192.4
162.8	158.4
113.8	157.4
136.8	180.4
161.1	200.4
132.1	205.9
122.1	168.9
136.1	196.9
163.1	161.9
140.1	208.9
159.1	204.9
164.1	207.9
147.1	182.9
132.1	188.9
157.1	180.9
132.1	202.9
172.1	177.9
119.8	172.9
122.8	174.9
112.8	193.9
149.8	203.9
149.7	193.4
145.4	202.9
165.7	173.4
164.0	198.9
113.0	184.4
161.0	199.4
127.7	168.4
146.7	192.4
170.7	174.4
137.7	195.4
158.7	146.9
123.7	203.9
139.7	162.9
172.7	193.9
148.7	165.4
162.7	196.4
152.7	203.9
159.7	199.9
123.7	188.9
172.4	170.9
126.7	153.4
129.7	197.4
149.7	202.4
154.7	186.4
138.7	180.9
143.7	192.9
146.7	168.9
151.7	160.9
116.3	156.9
170.3	172.9
173.3	204.9
125.3	176.9
121.3	162.9
130.3	164.9
124.3	166.9
156.3	200.4
159.0	202.4
144.3	194.4
145.3	153.4
166.3	182.4
146.5	200.4
121.9	185.4
169.9	143.4
170.9	199.4
169.6	187.4
121.9	198.4
125.6	168.4
165.6	167.4
135.9	200.9
173.9	177.9
140.9	197.9
130.6	174.4
139.2	164.9
140.2	145.9
154.2	191.9
129.2	179.9
144.2	173.9
143.2	151.9
121.2	171.9
141.5	158.9
158.5	184.4
165.5	170.4
133.2	200.9
140.2	155.9
126.2	187.9
147.2	202.9
124.2	187.9
151.2	166.9
165.5	191.4
143.8	174.9
123.8	177.9
148.8	165.4
170.8	182.4
171.8	199.4
145.5	197.4
143.5	172.4
133.8	166.9
146.4	188.4
163.4	168.4
157.5	160.9
174.5	144.9
153.4	160.9
140.5	159.4
120.4	178.4
167.8	177.4
169.1	199.4
152.4	164.4
124.5	178.3
130.5	138.3
124.1	145.9
160.1	163.9
122.1	177.9
135.1	142.9
168.4	196.9
134.4	178.9
142.4	196.4
156.7	183.8
133.7	147.8
120.1	171.8
169.4	167.8
149.4	192.3
171.7	180.3
149.7	180.3
171.7	196.8
135.7	140.8
157.7	162.8
162.7	187.3
130.7	162.3
143.7	185.3
134.7	170.3
144.4	148.8
117.4	166.8
156.3	188.3
173.4	167.3
147.4	157.3
148.4	149.3
138.4	190.3
150.7	164.8
115.7	176.3
168.7	135.3
153.0	135.8
130.0	136.8
159.0	141.8
153.0	141.8
140.7	165.8
130.7	137.8
136.7	145.3
141.3	134.8
155.3	156.8
167.3	141.8
141.3	172.8
117.3	167.8
143.0	101.6
169.0	148.6
125.0	133.6
154.6	144.6
178.0	138.6
182.0	128.6
123.0	144.6
164.0	152.6
130.0	146.6
138.7	156.6
144.7	107.1
151.0	129.1
130.0	145.1
146.9	143.1
165.6	115.1
152.3	113.1
131.3	153.1
169.3	97.1
179.3	101.6
163.6	117.1
166.3	106.1
136.3	133.6
150.3	155.1
143.7	122.6
168.6	113.1
153.6	156.1
176.6	111.1
126.3	107.1
162.6	122.1
183.6	137.1
181.6	131.1
131.7	125.1
166.0	151.1
124.6	118.6
139.2	148.6
160.9	94.6
171.6	106.6
150.6	112.1
137.3	151.1
128.6	99.1
159.5	157.1
161.5	144.1
143.5	131.1
179.9	139.1
156.3	119.6
147.3	149.6
159.0	145.6
126.3	144.6
161.0	136.6
143.0	121.6
133.0	128.1
179.7	139.6
155.6	118.1
183.6	130.1
181.9	100.6
158.0	156.6
151.0	99.1
125.0	156.1
174.3	97.1
138.3	107.6
136.6	126.1
161.2	116.6
147.6	108.1
138.6	105.1
151.3	122.1
133.7	132.1
177.7	141.1
178.7	127.6
158.0	105.6
174.0	127.6
123.3	127.1
159.6	100.6
146.0	155.1
140.0	122.6
156.6	149.6
171.6	134.1
139.7	110.1
178.9	160.1
176.6	108.6
152.0	153.1
154.0	103.6
178.7	146.1
128.4	160.6
137.7	112.2
164.0	157.6
134.0	107.2
132.7	103.6
152.7	153.6
170.0	153.6
125.0	135.1
170.7	127.1
151.7	119.2
145.7	134.2
138.0	138.2
179.0	144.7
151.7	157.2
175.8	125.2
133.0	134.7
168.0	108.7
137.0	149.7
173.0	126.2
145.0	162.7
166.0	160.2
152.0	160.2
161.0	163.7
148.8	113.2
161.5	160.2
159.8	152.2
171.8	156.7
124.8	107.2
127.7	110.2
181.8	108.7
182.4	144.2
167.4	165.2
143.8	156.7
170.5	109.2
146.8	132.7
134.8	149.7
164.8	129.7
133.8	147.7
123.0	151.7
127.0	147.7
139.0	108.7
132.0	159.7
129.0	108.7
176.8	114.7
153.8	158.7
143.8	129.2
164.1	124.2
154.1	136.7
144.1	126.2
137.1	166.2
174.8	162.7
176.1	167.2
135.8	157.7
172.5	153.7
148.1	117.7
150.8	165.2
142.1	130.7
155.1	119.7
163.1	114.2
160.8	154.7
167.8	143.7
129.2	151.2
153.2	115.7
154.2	168.7
129.2	129.7
133.2	140.7
158.2	113.7
173.2	131.2
132.2	162.2
168.5	152.7
161.5	160.7
143.8	169.2
146.8	164.2
145.8	139.7
164.5	116.2
172.5	138.2
156.2	139.7
169.2	149.7
166.2	149.7
153.2	159.7
130.2	160.7
139.2	143.7
152.9	158.2
178.5	145.2
126.9	156.2
127.9	143.2
152.9	151.2
175.9	146.2
157.9	173.2
123.9	142.2
161.2	156.7
134.6	124.2
152.6	171.2
129.6	140.2
131.3	148.7
167.6	144.7
132.5	169.2
120.6	173.2
135.0	141.2
131.3	169.7
141.9	152.7
179.3	138.2
154.3	139.2
178.3	134.2
144.6	171.2
177.6	175.2
141.6	130.2
144.3	139.7
124.3	148.7
129.0	126.7
153.0	117.7
130.3	172.7
177.3	158.7
166.3	154.7
135.3	118.7
123.3	132.7
136.3	152.7
122.3	150.7
148.9	150.2
129.9	119.2
136.6	165.2
173.7	170.2
141.9	138.2
166.3	138.2
176.3	130.7
118.7	126.7
139.7	124.2
146.7	175.2
148.7	137.2
166.7	146.2
133.0	154.7
130.0	123.3
172.0	143.2
136.0	170.2
159.0	145.2
170.0	142.2
168.7	141.2
161.4	176.3
118.7	122.8
121.0	178.8
142.1	133.8
148.1	167.3
138.1	173.3
158.1	151.3
165.1	180.3
176.1	128.8
177.1	175.3
141.1	172.3
118.1	160.3
143.1	144.3
165.1	133.3
169.1	138.8
123.1	157.8
142.1	152.8
120.1	177.8
165.1	135.8
140.1	182.3
162.1	141.3
173.1	124.3
125.4	175.3
147.4	129.8
155.4	152.8
119.8	167.3
128.8	155.3
157.8	142.3
146.8	178.3
166.8	139.3
135.8	134.3
148.6	199.4
157.6	201.4
117.6	188.9
117.6	206.4
110.0	203.4
140.0	170.9
146.0	190.9
132.0	182.4
135.0	205.4
160.9	195.4
146.9	165.4
127.2	160.4
140.2	162.4
159.2	175.4
126.2	210.4
126.2	205.4
161.2	176.4
142.2	168.9
115.2	164.4
159.9	198.9
136.9	160.9
152.9	156.9
127.9	175.9
110.9	169.9
145.6	169.9
120.6	204.9
118.6	175.9
138.6	202.9
126.6	209.9
138.2	179.9
141.5	186.4
125.5	200.9
146.9	167.4
114.5	213.4
163.2	180.9
117.5	165.4
147.5	184.4
132.5	175.4
134.5	187.4
111.5	160.4
136.5	161.4
126.2	160.9
111.8	208.9
129.5	192.4
127.5	182.4
132.5	203.4
157.5	192.4
147.5	186.4
143.2	202.4
137.2	193.4
129.5	190.9
149.5	184.9
149.8	151.9
163.8	206.9
130.8	158.9
120.4	208.9
153.8	197.4
138.5	149.4
152.5	164.9
122.5	192.9
149.7	183.4
158.8	182.9
146.8	151.9
120.8	160.4
146.8	204.4
171.8	188.4
130.8	156.4
132.5	159.9
145.1	187.9
143.1	179.9
154.1	169.9
143.1	201.9
138.1	168.9
128.1	167.9
115.4	205.9
117.4	149.9
140.4	161.4
172.4	186.9
151.1	192.4
127.1	196.9
116.1	153.4
161.7	190.9
148.7	147.9
125.0	147.4
131.8	197.9
149.4	165.4
134.4	152.4
152.7	170.9
156.0	196.4
146.0	196.4
130.0	195.4
121.7	205.9
140.7	153.9
115.0	194.9
150.3	179.9
141.4	157.9
132.4	161.9
118.7	182.9
162.7	196.9
172.3	152.4
147.4	179.4
152.4	173.9
163.3	155.4
145.3	203.4
147.3	163.4
173.3	157.4
160.4	161.9
125.3	148.4
141.3	149.9
168.3	171.9
169.3	179.9
128.3	172.9
173.3	189.9
152.9	203.9
158.2	197.4
131.6	170.4
171.6	154.4
167.6	150.4
152.9	170.9
166.9	193.4
122.3	151.9
144.2	185.9
142.3	176.4
133.6	157.4
130.6	190.4
168.6	159.9
170.3	196.9
164.9	152.4
166.9	161.4
141.9	199.4
127.6	141.9
173.3	158.9
155.9	159.4
155.9	197.4
119.2	186.9
128.2	166.3
172.2	193.4
167.6	141.4
147.9	182.9
169.2	152.9
167.2	173.4
158.2	151.4
118.2	171.4
115.5	159.4
174.5	141.4
150.5	154.4
157.5	141.4
162.5	168.4
134.5	160.4
153.5	170.4
171.2	165.4
149.5	200.4
161.9	142.9
116.2	164.9
162.5	158.3
125.5	170.3
142.2	156.3
126.5	188.3
138.9	178.3
152.9	143.3
155.9	160.3
162.2	178.3
163.8	188.3
155.2	181.4
159.8	187.8
131.2	142.8
126.2	192.3
116.2	181.3
159.4	160.8
168.9	193.3
172.8	191.9
130.8	181.3
138.8	161.3
147.5	186.3
154.8	138.3
172.1	168.8
131.4	147.3
128.1	163.3
139.8	171.3
171.1	166.8
142.8	170.3
173.4	156.8
165.4	138.8
159.4	162.8
132.4	176.8
126.4	163.3
148.7	150.8
115.1	167.3
156.7	155.8
151.0	175.8
120.1	190.8
140.1	146.8
124.4	180.3
126.4	166.3
133.4	148.3
120.4	189.8
164.1	184.3
153.1	137.8
166.1	151.8
171.4	161.8
166.7	152.8
164.7	132.8
123.7	141.8
125.7	163.3
132.4	191.8
171.1	184.8
141.4	150.3
152.0	139.8
128.0	139.8
152.7	168.3
123.7	151.3
173.7	140.8
137.7	170.3
134.4	146.3
143.0	154.3
145.7	168.8
134.3	168.8
117.4	170.3
124.7	134.3
169.3	150.3
118.7	150.8
117.7	140.3
122.3	151.3
139.3	152.3
141.3	147.3
126.0	158.8
123.0	132.8
124.0	157.8
161.3	172.8
124.3	147.3
158.3	153.8
155.0	177.8
170.3	180.3
122.9	185.8
164.3	150.8
120.9	140.8
155.3	183.8
128.3	179.8
159.9	165.3
156.9	137.3
170.6	165.3
121.9	167.8
135.3	156.3
151.3	183.8
123.0	164.8
138.0	153.8
129.0	178.8
136.6	138.8
150.6	135.3
133.6	186.3
149.4	157.6
167.7	113.6
126.7	112.6
122.7	113.6
127.3	117.6
174.3	156.6
179.3	114.6
124.7	139.6
157.7	133.6
133.7	130.6
147.6	127.1
156.6	141.1
140.6	137.1
128.3	148.1
163.3	148.1
174.3	140.1
170.3	105.1
133.3	121.1
154.3	154.1
136.7	100.6
128.3	130.6
124.3	108.1
182.3	151.1
180.3	123.1
146.3	122.1
135.6	151.1
169.6	98.6
181.6	120.6
141.0	120.6
131.0	155.1
148.0	96.6
150.0	115.6
157.0	139.6
173.0	109.6
137.0	126.6
171.0	111.1
149.0	141.6
136.0	155.6
150.0	147.6
180.7	106.6
170.0	153.1
134.0	124.1
165.0	135.1
177.3	142.1
173.0	109.1
136.0	143.1
149.7	114.6
123.7	126.6
131.0	106.6
127.0	111.6
179.0	139.6
146.0	98.6
164.3	123.6
154.8	141.6
181.4	131.1
177.4	123.1
132.7	99.6
161.7	133.1
156.7	136.1
135.7	107.1
177.7	108.1
124.7	141.1
150.7	100.1
145.7	145.6
145.4	108.2
152.4	110.2
125.4	126.2
177.4	149.2
174.4	157.2
137.4	146.7
161.4	129.7
158.0	114.2
139.0	145.2
144.7	109.7
170.4	160.2
147.0	108.7
155.0	162.7
173.0	159.7
165.0	148.2
164.7	125.7
155.7	134.2
168.4	127.7
124.0	125.2
148.0	143.2
171.0	126.7
160.8	126.2
129.8	125.2
159.8	148.2
126.8	131.2
129.0	143.7
137.0	124.7
176.4	148.7
144.4	156.7
179.4	122.2
146.0	119.7
139.0	109.2
129.0	152.2
151.8	127.2
181.8	149.7
141.1	147.7
151.5	118.7
128.8	115.7
179.8	115.7
133.8	143.2
161.8	109.2
135.8	157.7
181.8	165.7
143.8	141.2
144.1	110.2
162.1	154.2
156.1	140.7
158.5	154.2
152.5	126.2
175.5	165.2
175.8	112.7
138.8	127.7
139.8	131.7
152.8	134.7
176.8	131.7
136.5	129.7
124.5	116.7
140.5	164.7
162.8	119.7
180.8	142.2
138.8	146.7
145.8	121.7
125.8	119.7
163.8	123.7
158.8	157.7
149.8	147.7
144.8	151.7
148.8	126.7
171.8	129.2
155.5	142.7
134.5	112.7
138.5	118.2
130.2	114.2
152.2	147.7
170.2	154.2
129.2	172.7
120.2	166.7
158.2	117.7
171.2	151.7
122.2	146.7
170.9	125.7
128.9	173.2
151.8	174.2
128.9	130.2
120.5	141.2
163.2	172.2
129.2	156.7
141.5	148.7
137.5	160.7
127.2	129.7
179.6	151.7
164.6	155.2
159.9	152.2
142.9	160.2
173.5	175.7
140.2	131.2
161.6	144.7
128.6	159.7
121.8	177.7
162.9	131.7
169.9	168.7
128.9	147.7
177.9	165.7
165.9	149.7
179.6	136.7
160.6	118.2
158.6	156.7
131.6	164.7
142.6	168.7
170.6	157.7
124.6	137.7
159.6	174.2
146.6	150.2
131.9	120.8
126.3	173.2
176.0	139.7
154.0	155.8
127.6	134.2
156.6	160.3
145.6	175.3
147.6	136.3
134.6	160.8
140.0	178.8
166.0	134.3
172.6	163.3
149.6	138.3
171.3	175.3
177.3	139.3
164.3	139.3
146.0	147.3
133.0	144.3
131.0	136.8
123.0	136.3
147.3	146.8
161.3	138.8
151.3	145.3
156.0	142.3
131.0	156.8
144.0	142.8
128.0	183.8
134.0	147.8
139.0	151.8
130.0	139.8
137.0	146.8
127.0	180.3
155.4	135.8
142.7	127.3
178.7	129.3
119.7	128.3
168.7	134.3
129.7	151.3
129.7	180.3
141.1	162.3
145.1	151.3
128.7	150.8
141.7	170.3
152.7	181.8
164.7	134.8
129.7	144.8
156.7	181.8
144.4	150.3
166.4	150.3
161.1	139.3
136.1	173.3
169.7	169.3
147.7	137.3
174.1	169.8
126.1	157.8
129.7	164.3
152.8	130.3
148.8	169.8
158.8	187.8
163.8	167.3
170.8	158.8
144.1	160.8
144.1	186.3
167.4	153.3
169.1	144.8
158.7	148.3
142.7	149.3
136.8	170.3
163.4	155.3
152.8	151.3
152.1	139.8
141.1	176.8
138.5	178.3
