0928.42 0440.70 0150.00 0150.00 
0928.42 0439.20 0150.00 0150.00 
0929.03 0439.20 0150.00 0150.00 
0929.03 0439.20 0150.00 0150.00 
0929.03 0439.20 0150.00 0150.00 
0929.03 0439.20 0150.00 0150.00 
0928.12 0438.69 0150.00 0150.00 
0928.12 0438.69 0150.00 0150.00 
0928.42 0440.20 0150.00 0150.00 
0928.72 0440.70 0150.00 0150.00 
0929.03 0439.70 0150.00 0150.00 
0928.42 0439.70 0150.00 0150.00 
0928.42 0440.20 0150.00 0150.00 
0928.42 0440.20 0150.00 0150.00 
0928.42 0440.20 0150.00 0150.00 
0928.42 0438.69 0150.00 0150.00 
0928.42 0438.69 0150.00 0150.00 
0928.42 0439.20 0150.00 0150.00 
0928.42 0440.20 0150.00 0150.00 
0928.42 0440.20 0150.00 0150.00 
0928.42 0439.70 0150.00 0150.00 
0928.42 0439.70 0150.00 0150.00 
0928.12 0439.70 0150.00 0150.00 
0928.42 0439.70 0150.00 0150.00 
0928.72 0439.70 0150.00 0150.00 
0928.72 0439.70 0150.00 0150.00 
0928.42 0440.20 0150.00 0150.00 
0928.42 0440.20 0150.00 0150.00 
0928.42 0440.20 0150.00 0150.00 
0928.42 0440.20 0150.00 0150.00 
0927.82 0440.20 0150.00 0150.00 
0927.82 0440.70 0150.00 0150.00 
0928.42 0441.21 0150.00 0150.00 
0928.12 0441.71 0150.00 0150.00 
0928.12 0441.21 0150.00 0150.00 
0928.12 0442.21 0150.00 0150.00 
0928.12 0442.21 0150.00 0150.00 
0928.12 0442.21 0150.00 0150.00 
0928.42 0441.71 0150.00 0150.00 
0928.42 0441.21 0150.00 0150.00 
0928.72 0443.72 0150.00 0150.00 
0928.12 0442.21 0150.00 0150.00 
0928.12 0443.22 0150.00 0150.00 
0928.12 0443.22 0150.00 0150.00 
0928.12 0443.22 0150.00 0150.00 
0928.42 0443.22 0150.00 0150.00 
0928.42 0443.22 0150.00 0150.00 
0928.42 0443.22 0150.00 0150.00 
0928.42 0443.22 0150.00 0150.00 
0928.42 0443.22 0150.00 0150.00 
0928.42 0443.22 0150.00 0150.00 
0928.42 0443.22 0150.00 0150.00 
0928.42 0443.22 0150.00 0150.00 
0928.12 0442.71 0150.00 0150.00 
0928.12 0442.71 0150.00 0150.00 
0929.03 0443.72 0150.00 0150.00 
0928.42 0442.71 0150.00 0150.00 
0928.42 0442.71 0150.00 0150.00 
0928.12 0443.72 0150.00 0150.00 
0928.12 0443.72 0150.00 0150.00 
0928.42 0443.72 0150.00 0150.00 
0928.42 0443.72 0150.00 0150.00 
0929.03 0442.71 0150.00 0150.00 
0928.72 0442.71 0150.00 0150.00 
0928.72 0444.22 0150.00 0150.00 
0928.72 0444.22 0150.00 0150.00 
0928.72 0444.22 0150.00 0150.00 
0928.42 0443.72 0150.00 0150.00 
0928.42 0443.72 0150.00 0150.00 
0928.12 0443.72 0150.00 0150.00 
0928.72 0443.72 0150.00 0150.00 
0928.72 0443.72 0150.00 0150.00 
0928.72 0443.72 0150.00 0150.00 
0928.72 0445.23 0150.00 0150.00 
0928.72 0445.23 0150.00 0150.00 
0928.42 0443.72 0150.00 0150.00 
0929.03 0445.23 0150.00 0150.00 
0928.72 0445.23 0150.00 0150.00 
0928.72 0445.23 0150.00 0150.00 
0928.72 0444.72 0150.00 0150.00 
0928.72 0444.72 0150.00 0150.00 
0928.42 0444.72 0150.00 0150.00 
0928.42 0444.72 0150.00 0150.00 
0929.03 0443.72 0150.00 0150.00 
0928.72 0445.23 0150.00 0150.00 
0928.42 0445.73 0150.00 0150.00 
0928.42 0445.23 0150.00 0150.00 
0928.42 0445.23 0150.00 0150.00 
0928.42 0445.23 0150.00 0150.00 
0929.03 0446.23 0150.00 0150.00 
0929.03 0446.23 0150.00 0150.00 
0929.03 0446.23 0150.00 0150.00 
0929.33 0446.73 0150.00 0150.00 
0929.33 0446.73 0150.00 0150.00 
0929.03 0447.24 0150.00 0150.00 
0929.63 0447.74 0150.00 0150.00 
0929.03 0447.24 0150.00 0150.00 
0929.03 0447.24 0150.00 0150.00 
0928.42 0445.23 0150.00 0150.00 
0928.12 0445.73 0150.00 0150.00 
0928.42 0447.24 0150.00 0150.00 
0928.42 0447.24 0150.00 0150.00 
0928.42 0445.73 0150.00 0150.00 
0929.03 0445.73 0150.00 0150.00 
0928.72 0447.24 0150.00 0150.00 
0928.72 0445.73 0150.00 0150.00 
0928.72 0445.73 0150.00 0150.00 
0928.72 0447.24 0150.00 0150.00 
0928.72 0448.74 0150.00 0150.00 
0927.82 0447.74 0150.00 0150.00 
0927.82 0447.24 0150.00 0150.00 
0928.72 0447.24 0150.00 0150.00 
0928.72 0448.24 0150.00 0150.00 
0928.72 0448.24 0150.00 0150.00 
0928.72 0448.24 0150.00 0150.00 
0928.72 0447.74 0150.00 0150.00 
0928.72 0448.74 0150.00 0150.00 
0928.72 0448.74 0150.00 0150.00 
0928.72 0447.74 0150.00 0150.00 
0928.72 0448.24 0150.00 0150.00 
0928.72 0449.25 0150.00 0150.00 
0928.12 0447.24 0150.00 0150.00 
0928.42 0447.24 0150.00 0150.00 
0928.72 0448.74 0150.00 0150.00 
0928.72 0448.24 0150.00 0150.00 
0927.51 0448.24 0150.00 0150.00 
0927.82 0450.75 0150.00 0150.00 
0928.12 0450.25 0150.00 0150.00 
0928.42 0450.25 0150.00 0150.00 
0928.72 0449.25 0150.00 0150.00 
0928.72 0448.74 0150.00 0150.00 
0927.82 0448.74 0150.00 0150.00 
0928.72 0449.25 0150.00 0150.00 
0928.72 0449.25 0150.00 0150.00 
0928.72 0449.25 0150.00 0150.00 
0928.42 0449.25 0150.00 0150.00 
0928.42 0449.75 0150.00 0150.00 
0929.03 0449.75 0150.00 0150.00 
0929.33 0450.25 0150.00 0150.00 
0928.42 0450.75 0150.00 0150.00 
0928.12 0450.25 0150.00 0150.00 
0928.12 0450.25 0150.00 0150.00 
0928.12 0450.25 0150.00 0150.00 
0928.12 0451.26 0150.00 0150.00 
0928.42 0450.75 0150.00 0150.00 
0928.42 0450.75 0150.00 0150.00 
0928.42 0451.26 0150.00 0150.00 
0928.72 0451.26 0150.00 0150.00 
0928.72 0451.76 0150.00 0150.00 
0928.42 0451.26 0150.00 0150.00 
0928.72 0451.26 0150.00 0150.00 
0928.72 0451.76 0150.00 0150.00 
0928.12 0451.26 0150.00 0150.00 
0929.03 0451.26 0150.00 0150.00 
0928.72 0451.76 0150.00 0150.00 
0928.12 0451.76 0150.00 0150.00 
0928.12 0451.76 0150.00 0150.00 
0928.12 0451.76 0150.00 0150.00 
0928.12 0451.76 0150.00 0150.00 
0928.12 0451.76 0150.00 0150.00 
0928.12 0451.76 0150.00 0150.00 
0927.82 0452.26 0150.00 0150.00 
0927.82 0452.26 0150.00 0150.00 
0928.12 0451.26 0150.00 0150.00 
0927.82 0452.26 0150.00 0150.00 
0928.72 0452.26 0150.00 0150.00 
0929.03 0453.27 0150.00 0150.00 
0928.12 0452.76 0150.00 0150.00 
0928.42 0453.27 0150.00 0150.00 
0928.42 0453.27 0150.00 0150.00 
0928.42 0453.27 0150.00 0150.00 
0928.42 0453.27 0150.00 0150.00 
0928.72 0453.27 0150.00 0150.00 
0928.72 0452.76 0150.00 0150.00 
0928.42 0452.76 0150.00 0150.00 
0928.42 0452.76 0150.00 0150.00 
0928.42 0452.76 0150.00 0150.00 
0928.12 0453.27 0150.00 0150.00 
0929.03 0455.28 0150.00 0150.00 
0929.33 0454.27 0150.00 0150.00 
0929.03 0454.27 0150.00 0150.00 
0928.72 0454.27 0150.00 0150.00 
0927.82 0455.78 0150.00 0150.00 
0928.42 0455.28 0150.00 0150.00 
0928.42 0456.28 0150.00 0150.00 
0927.82 0454.77 0150.00 0150.00 
0927.82 0454.27 0150.00 0150.00 
0927.82 0454.27 0150.00 0150.00 
0928.12 0455.28 0150.00 0150.00 
0928.72 0454.77 0150.00 0150.00 
0928.72 0455.28 0150.00 0150.00 
0928.42 0455.78 0150.00 0150.00 
0928.42 0455.78 0150.00 0150.00 
0928.12 0455.28 0150.00 0150.00 
0928.12 0455.28 0150.00 0150.00 
0928.12 0455.28 0150.00 0150.00 
0928.12 0455.78 0150.00 0150.00 
0928.42 0456.28 0150.00 0150.00 
0928.42 0454.77 0150.00 0150.00 
0928.12 0456.28 0150.00 0150.00 
0929.03 0455.78 0150.00 0150.00 
0929.03 0455.78 0150.00 0150.00 
0928.42 0456.28 0150.00 0150.00 
0928.42 0456.28 0150.00 0150.00 
0928.42 0457.29 0150.00 0150.00 
0928.12 0455.78 0150.00 0150.00 
0928.42 0456.28 0150.00 0150.00 
0928.72 0456.28 0150.00 0150.00 
0928.72 0456.78 0150.00 0150.00 
0928.72 0456.78 0150.00 0150.00 
0928.42 0457.29 0150.00 0150.00 
0928.42 0456.28 0150.00 0150.00 
0928.72 0456.78 0150.00 0150.00 
0928.72 0457.29 0150.00 0150.00 
0928.72 0457.29 0150.00 0150.00 
0929.33 0457.79 0150.00 0150.00 
0929.03 0456.78 0150.00 0150.00 
0928.42 0457.79 0150.00 0150.00 
0928.12 0458.29 0150.00 0150.00 
0928.42 0457.79 0150.00 0150.00 
0928.72 0457.29 0150.00 0150.00 
0929.03 0457.79 0150.00 0150.00 
0928.72 0459.30 0150.00 0150.00 
0928.72 0458.29 0150.00 0150.00 
0928.72 0457.79 0150.00 0150.00 
0929.33 0458.29 0150.00 0150.00 
0928.72 0458.79 0150.00 0150.00 
0928.72 0458.79 0150.00 0150.00 
0928.72 0458.79 0150.00 0150.00 
0928.72 0458.79 0150.00 0150.00 
0928.72 0458.79 0150.00 0150.00 
0928.42 0460.30 0150.00 0150.00 
0928.42 0460.30 0150.00 0150.00 
0928.42 0460.80 0150.00 0150.00 
0928.42 0458.29 0150.00 0150.00 
0928.12 0459.30 0150.00 0150.00 
0928.12 0460.80 0150.00 0150.00 
0928.72 0460.80 0150.00 0150.00 
0928.72 0460.30 0150.00 0150.00 
0928.72 0460.80 0150.00 0150.00 
0928.12 0460.30 0150.00 0150.00 
0928.72 0459.80 0150.00 0150.00 
0928.72 0460.30 0150.00 0150.00 
0929.03 0460.30 0150.00 0150.00 
0929.03 0460.30 0150.00 0150.00 
0928.72 0460.30 0150.00 0150.00 
0928.72 0460.30 0150.00 0150.00 
0928.72 0461.31 0150.00 0150.00 
0928.72 0460.80 0150.00 0150.00 
0928.72 0460.80 0150.00 0150.00 
0928.72 0481.41 0150.00 0150.00 
0928.42 0480.40 0150.00 0150.00 
0927.82 0481.41 0150.00 0150.00 
0927.82 0479.90 0150.00 0150.00 
0928.12 0481.41 0150.00 0150.00 
0928.12 0479.40 0150.00 0150.00 
0928.12 0479.90 0150.00 0150.00 
0927.82 0480.40 0150.00 0150.00 
0927.82 0480.91 0150.00 0150.00 
0927.51 0480.40 0150.00 0150.00 
0927.51 0481.41 0150.00 0150.00 
0927.82 0481.41 0150.00 0150.00 
0927.82 0479.40 0150.00 0150.00 
0927.51 0480.40 0150.00 0150.00 
0928.12 0479.90 0150.00 0150.00 
0928.12 0480.40 0150.00 0150.00 
0927.51 0480.40 0150.00 0150.00 
0927.51 0480.40 0150.00 0150.00 
0927.51 0480.40 0150.00 0150.00 
0928.42 0481.41 0150.00 0150.00 
0928.42 0480.91 0150.00 0150.00 
0927.51 0481.41 0150.00 0150.00 
0927.51 0481.41 0150.00 0150.00 
0927.51 0481.91 0150.00 0150.00 
0927.51 0481.91 0150.00 0150.00 
0928.12 0481.91 0150.00 0150.00 
0927.51 0482.41 0150.00 0150.00 
0927.51 0482.41 0150.00 0150.00 
0926.91 0482.41 0150.00 0150.00 
0928.12 0482.41 0150.00 0150.00 
0928.12 0483.42 0150.00 0150.00 
0928.12 0482.41 0150.00 0150.00 
0927.82 0481.91 0150.00 0150.00 
0927.82 0481.91 0150.00 0150.00 
0927.82 0481.41 0150.00 0150.00 
0927.51 0481.91 0150.00 0150.00 
0927.51 0481.91 0150.00 0150.00 
0927.51 0484.42 0150.00 0150.00 
0928.12 0483.42 0150.00 0150.00 
0928.42 0484.42 0150.00 0150.00 
0928.12 0483.92 0150.00 0150.00 
0928.12 0483.92 0150.00 0150.00 
0928.12 0480.91 0150.00 0150.00 
0928.12 0482.41 0150.00 0150.00 
0928.72 0483.42 0150.00 0150.00 
0928.12 0482.92 0150.00 0150.00 
0927.51 0482.92 0150.00 0150.00 
0927.82 0482.41 0150.00 0150.00 
0927.82 0482.92 0150.00 0150.00 
0927.51 0481.91 0150.00 0150.00 
0927.51 0482.92 0150.00 0150.00 
0927.51 0483.42 0150.00 0150.00 
0927.51 0481.91 0150.00 0150.00 
0927.21 0483.42 0150.00 0150.00 
0927.21 0482.92 0150.00 0150.00 
0927.82 0484.42 0150.00 0150.00 
0927.21 0483.92 0150.00 0150.00 
0927.21 0484.42 0150.00 0150.00 
0927.51 0483.42 0150.00 0150.00 
0927.51 0484.42 0150.00 0150.00 
0927.51 0484.42 0150.00 0150.00 
0927.51 0484.42 0150.00 0150.00 
0927.21 0482.92 0150.00 0150.00 
0927.51 0483.92 0150.00 0150.00 
0927.51 0483.92 0150.00 0150.00 
0927.51 0483.42 0150.00 0150.00 
0927.51 0484.93 0150.00 0150.00 
0927.51 0484.93 0150.00 0150.00 
0928.12 0484.93 0150.00 0150.00 
0927.51 0484.93 0150.00 0150.00 
0928.12 0484.93 0150.00 0150.00 
0927.21 0483.92 0150.00 0150.00 
0928.12 0484.42 0150.00 0150.00 
0927.82 0484.93 0150.00 0150.00 
0927.51 0484.93 0150.00 0150.00 
0927.21 0485.43 0150.00 0150.00 
0928.12 0484.93 0150.00 0150.00 
0927.51 0484.93 0150.00 0150.00 
0928.12 0485.43 0150.00 0150.00 
0927.51 0485.93 0150.00 0150.00 
0927.21 0486.94 0150.00 0150.00 
0928.42 0486.43 0150.00 0150.00 
0927.82 0486.94 0150.00 0150.00 
0926.91 0486.43 0150.00 0150.00 
0928.12 0486.94 0150.00 0150.00 
0928.12 0487.44 0150.00 0150.00 
0928.12 0487.44 0150.00 0150.00 
0926.61 0485.93 0150.00 0150.00 
0927.82 0487.94 0150.00 0150.00 
0927.82 0487.94 0150.00 0150.00 
0927.51 0487.44 0150.00 0150.00 
0927.21 0487.94 0150.00 0150.00 
0927.51 0486.43 0150.00 0150.00 
0927.51 0487.94 0150.00 0150.00 
0927.82 0488.44 0150.00 0150.00 
0927.82 0487.94 0150.00 0150.00 
0928.12 0486.43 0150.00 0150.00 
0928.12 0487.94 0150.00 0150.00 
0928.12 0488.44 0150.00 0150.00 
0928.12 0488.44 0150.00 0150.00 
0927.82 0488.44 0150.00 0150.00 
0927.82 0488.44 0150.00 0150.00 
0927.21 0488.44 0150.00 0150.00 
0927.51 0488.44 0150.00 0150.00 
0927.82 0487.94 0150.00 0150.00 
0927.21 0487.94 0150.00 0150.00 
0927.21 0488.95 0150.00 0150.00 
0927.82 0488.44 0150.00 0150.00 
0927.82 0489.45 0150.00 0150.00 
0927.82 0489.95 0150.00 0150.00 
0927.82 0489.95 0150.00 0150.00 
0927.51 0489.45 0150.00 0150.00 
0928.12 0490.45 0150.00 0150.00 
0927.51 0491.96 0150.00 0150.00 
0927.21 0491.46 0150.00 0150.00 
0927.82 0490.45 0150.00 0150.00 
0927.82 0489.95 0150.00 0150.00 
0927.82 0490.45 0150.00 0150.00 
0927.21 0490.96 0150.00 0150.00 
0927.21 0490.96 0150.00 0150.00 
0927.21 0490.96 0150.00 0150.00 
0927.51 0491.96 0150.00 0150.00 
0927.51 0491.96 0150.00 0150.00 
0927.51 0491.96 0150.00 0150.00 
0928.12 0491.46 0150.00 0150.00 
0927.51 0490.96 0150.00 0150.00 
0927.51 0490.96 0150.00 0150.00 
0927.51 0490.96 0150.00 0150.00 
0927.21 0492.46 0150.00 0150.00 
0927.51 0491.96 0150.00 0150.00 
0926.61 0492.46 0150.00 0150.00 
0926.61 0492.97 0150.00 0150.00 
0927.51 0491.46 0150.00 0150.00 
0927.21 0492.97 0150.00 0150.00 
0927.51 0491.96 0150.00 0150.00 
0927.51 0491.96 0150.00 0150.00 
0927.51 0491.96 0150.00 0150.00 
0927.51 0491.96 0150.00 0150.00 
0927.82 0490.45 0150.00 0150.00 
0927.82 0491.96 0150.00 0150.00 
0927.82 0491.96 0150.00 0150.00 
0927.82 0491.96 0150.00 0150.00 
0927.82 0491.96 0150.00 0150.00 
0927.51 0491.96 0150.00 0150.00 
0927.51 0491.96 0150.00 0150.00 
0927.82 0492.97 0150.00 0150.00 
0927.21 0493.47 0150.00 0150.00 
0927.82 0493.97 0150.00 0150.00 
0927.21 0493.97 0150.00 0150.00 
0927.51 0493.47 0150.00 0150.00 
0927.51 0493.47 0150.00 0150.00 
0927.51 0493.97 0150.00 0150.00 
0927.51 0493.97 0150.00 0150.00 
0927.51 0494.47 0150.00 0150.00 
0927.82 0492.97 0150.00 0150.00 
0927.82 0494.47 0150.00 0150.00 
0927.82 0493.97 0150.00 0150.00 
0927.82 0494.47 0150.00 0150.00 
0927.82 0495.98 0150.00 0150.00 
0927.82 0494.47 0150.00 0150.00 
0927.82 0494.47 0150.00 0150.00 
0927.82 0494.47 0150.00 0150.00 
0927.51 0494.98 0150.00 0150.00 
0927.51 0494.98 0150.00 0150.00 
0927.51 0494.98 0150.00 0150.00 
0928.12 0494.98 0150.00 0150.00 
0927.82 0495.48 0150.00 0150.00 
0927.51 0494.98 0150.00 0150.00 
0927.51 0494.98 0150.00 0150.00 
0927.51 0494.98 0150.00 0150.00 
0927.51 0494.47 0150.00 0150.00 
0927.82 0494.98 0150.00 0150.00 
0927.51 0495.48 0150.00 0150.00 
0927.21 0494.47 0150.00 0150.00 
0926.61 0494.98 0150.00 0150.00 
0926.91 0495.48 0150.00 0150.00 
0927.51 0495.48 0150.00 0150.00 
0927.51 0495.98 0150.00 0150.00 
0927.21 0495.98 0150.00 0150.00 
0927.21 0493.47 0150.00 0150.00 
0927.82 0494.47 0150.00 0150.00 
0927.21 0495.98 0150.00 0150.00 
0927.82 0494.98 0150.00 0150.00 
0927.82 0495.98 0150.00 0150.00 
0927.82 0495.48 0150.00 0150.00 
0927.82 0495.98 0150.00 0150.00 
0927.51 0496.99 0150.00 0150.00 
0927.21 0496.48 0150.00 0150.00 
0927.21 0497.49 0150.00 0150.00 
0927.51 0497.99 0150.00 0150.00 
0926.91 0496.99 0150.00 0150.00 
0927.51 0497.49 0150.00 0150.00 
0927.51 0496.99 0150.00 0150.00 
0927.51 0497.99 0150.00 0150.00 
0927.21 0497.99 0150.00 0150.00 
0926.61 0497.49 0150.00 0150.00 
0926.91 0496.99 0150.00 0150.00 
0926.91 0497.49 0150.00 0150.00 
0926.91 0497.49 0150.00 0150.00 
0927.82 0497.99 0150.00 0150.00 
0927.21 0497.49 0150.00 0150.00 
0927.82 0498.49 0150.00 0150.00 
0926.91 0498.49 0150.00 0150.00 
0928.12 0496.99 0150.00 0150.00 
0927.21 0497.99 0150.00 0150.00 
0927.21 0497.99 0150.00 0150.00 
0927.21 0497.99 0150.00 0150.00 
0927.51 0498.49 0150.00 0150.00 
0927.51 0498.49 0150.00 0150.00 
0927.51 0498.49 0150.00 0150.00 
0927.51 0498.49 0150.00 0150.00 
0926.91 0499.50 0150.00 0150.00 
0926.91 0498.49 0150.00 0150.00 
0926.91 0499.50 0150.00 0150.00 
0926.91 0498.49 0150.00 0150.00 
0927.21 0498.49 0150.00 0150.00 
0927.51 0498.49 0150.00 0150.00 
0927.51 0498.49 0150.00 0150.00 
0927.51 0499.50 0150.00 0150.00 
0927.21 0499.00 0150.00 0150.00 
0927.51 0499.50 0150.00 0150.00 
0927.51 0500.00 0150.00 0150.00 
0927.21 0497.99 0150.00 0150.00 
0926.91 0499.00 0150.00 0150.00 
0927.82 0499.50 0150.00 0150.00 
0926.91 0497.99 0150.00 0150.00 
0926.91 0500.00 0150.00 0150.00 
0928.12 0499.50 0150.00 0150.00 
0927.21 0500.00 0150.00 0150.00 
0927.51 0501.51 0150.00 0150.00 
0927.21 0500.50 0150.00 0150.00 
0927.82 0500.50 0150.00 0150.00 
0927.51 0500.50 0150.00 0150.00 
0927.21 0500.00 0150.00 0150.00 
0927.21 0500.50 0150.00 0150.00 
0927.21 0498.49 0150.00 0150.00 
0927.21 0499.50 0150.00 0150.00 
0927.21 0499.50 0150.00 0150.00 
0926.30 0500.00 0150.00 0150.00 
0926.91 0501.01 0150.00 0150.00 
0926.91 0501.51 0150.00 0150.00 
0927.21 0500.50 0150.00 0150.00 
0927.21 0500.00 0150.00 0150.00 
0927.21 0500.00 0150.00 0150.00 
0926.91 0500.00 0150.00 0150.00 
0927.21 0500.50 0150.00 0150.00 
0926.91 0501.01 0150.00 0150.00 
0927.21 0501.01 0150.00 0150.00 
0926.91 0501.51 0150.00 0150.00 
0926.91 0501.51 0150.00 0150.00 
0924.19 0532.16 0150.00 0150.00 
0924.19 0532.16 0150.00 0150.00 
0924.19 0532.16 0150.00 0150.00 
0924.19 0532.16 0150.00 0150.00 
0924.19 0532.16 0150.00 0150.00 
0924.19 0532.16 0150.00 0150.00 
0924.19 0532.16 0150.00 0150.00 
0924.49 0532.16 0150.00 0150.00 
0924.79 0531.16 0150.00 0150.00 
0924.19 0530.65 0150.00 0150.00 
0923.88 0531.16 0150.00 0150.00 
0923.88 0531.16 0150.00 0150.00 
0924.49 0531.16 0150.00 0150.00 
0924.79 0532.66 0150.00 0150.00 
0924.79 0532.16 0150.00 0150.00 
0924.49 0532.16 0150.00 0150.00 
0923.58 0531.66 0150.00 0150.00 
0923.58 0529.65 0150.00 0150.00 
0923.58 0529.65 0150.00 0150.00 
0924.19 0529.65 0150.00 0150.00 
0925.09 0529.65 0150.00 0150.00 
0925.09 0530.15 0150.00 0150.00 
0925.09 0530.15 0150.00 0150.00 
0924.79 0530.15 0150.00 0150.00 
0924.49 0529.15 0150.00 0150.00 
0924.49 0529.15 0150.00 0150.00 
0924.49 0530.15 0150.00 0150.00 
0924.49 0530.15 0150.00 0150.00 
0924.79 0528.14 0150.00 0150.00 
0924.19 0528.64 0150.00 0150.00 
0924.79 0528.14 0150.00 0150.00 
0924.79 0528.14 0150.00 0150.00 
0924.79 0528.64 0150.00 0150.00 
0924.49 0528.14 0150.00 0150.00 
0924.19 0526.63 0150.00 0150.00 
0924.19 0527.14 0150.00 0150.00 
0924.79 0527.64 0150.00 0150.00 
0924.79 0527.64 0150.00 0150.00 
0924.79 0526.63 0150.00 0150.00 
0924.79 0526.63 0150.00 0150.00 
0923.88 0526.63 0150.00 0150.00 
0923.88 0526.63 0150.00 0150.00 
0923.88 0526.63 0150.00 0150.00 
0924.79 0526.13 0150.00 0150.00 
0924.79 0526.13 0150.00 0150.00 
0924.79 0526.13 0150.00 0150.00 
0924.19 0526.63 0150.00 0150.00 
0924.19 0526.63 0150.00 0150.00 
0924.19 0526.63 0150.00 0150.00 
0924.19 0526.63 0150.00 0150.00 
0924.19 0526.63 0150.00 0150.00 
0924.79 0526.63 0150.00 0150.00 
0924.79 0525.13 0150.00 0150.00 
0924.49 0526.13 0150.00 0150.00 
0924.49 0526.13 0150.00 0150.00 
0925.09 0526.13 0150.00 0150.00 
0924.49 0525.13 0150.00 0150.00 
0923.88 0526.13 0150.00 0150.00 
0924.49 0524.62 0150.00 0150.00 
0924.49 0525.63 0150.00 0150.00 
0924.19 0525.13 0150.00 0150.00 
0923.58 0524.12 0150.00 0150.00 
0923.88 0525.13 0150.00 0150.00 
0924.49 0524.62 0150.00 0150.00 
0924.49 0524.12 0150.00 0150.00 
0924.49 0524.12 0150.00 0150.00 
0924.49 0524.12 0150.00 0150.00 
0924.49 0524.12 0150.00 0150.00 
0924.49 0524.12 0150.00 0150.00 
0924.49 0524.12 0150.00 0150.00 
0924.79 0524.12 0150.00 0150.00 
0924.79 0524.12 0150.00 0150.00 
0924.79 0524.12 0150.00 0150.00 
0924.19 0523.62 0150.00 0150.00 
0924.49 0523.62 0150.00 0150.00 
0924.79 0523.62 0150.00 0150.00 
0924.79 0523.12 0150.00 0150.00 
0924.79 0523.12 0150.00 0150.00 
0924.49 0522.11 0150.00 0150.00 
0924.49 0522.61 0150.00 0150.00 
0924.49 0522.61 0150.00 0150.00 
0924.49 0522.61 0150.00 0150.00 
0924.19 0522.61 0150.00 0150.00 
0924.49 0522.61 0150.00 0150.00 
0924.49 0522.61 0150.00 0150.00 
0924.79 0522.61 0150.00 0150.00 
0924.49 0522.11 0150.00 0150.00 
0924.79 0523.12 0150.00 0150.00 
0924.49 0522.11 0150.00 0150.00 
0924.79 0522.11 0150.00 0150.00 
0925.40 0522.11 0150.00 0150.00 
0924.49 0521.61 0150.00 0150.00 
0924.49 0521.61 0150.00 0150.00 
0924.79 0521.61 0150.00 0150.00 
0924.79 0521.61 0150.00 0150.00 
0925.09 0520.60 0150.00 0150.00 
0925.09 0522.11 0150.00 0150.00 
0925.09 0521.11 0150.00 0150.00 
0925.09 0520.60 0150.00 0150.00 
0925.40 0521.11 0150.00 0150.00 
0925.09 0521.61 0150.00 0150.00 
0925.09 0521.61 0150.00 0150.00 
0925.09 0521.11 0150.00 0150.00 
0925.09 0521.11 0150.00 0150.00 
0925.70 0522.11 0150.00 0150.00 
0926.00 0521.61 0150.00 0150.00 
0926.00 0521.61 0150.00 0150.00 
0924.49 0520.10 0150.00 0150.00 
0925.09 0520.60 0150.00 0150.00 
0925.09 0520.10 0150.00 0150.00 
0925.09 0520.60 0150.00 0150.00 
0924.19 0521.11 0150.00 0150.00 
0924.49 0521.61 0150.00 0150.00 
0924.79 0520.60 0150.00 0150.00 
0925.09 0520.60 0150.00 0150.00 
0924.79 0520.60 0150.00 0150.00 
0924.79 0520.60 0150.00 0150.00 
0924.79 0520.60 0150.00 0150.00 
0924.79 0520.10 0150.00 0150.00 
0925.40 0520.10 0150.00 0150.00 
0925.09 0518.59 0150.00 0150.00 
0924.49 0519.60 0150.00 0150.00 
0924.49 0519.60 0150.00 0150.00 
0924.49 0519.60 0150.00 0150.00 
0924.49 0519.60 0150.00 0150.00 
0924.49 0519.10 0150.00 0150.00 
0925.09 0518.59 0150.00 0150.00 
0925.09 0518.59 0150.00 0150.00 
0925.09 0518.59 0150.00 0150.00 
0924.19 0519.10 0150.00 0150.00 
0925.09 0517.59 0150.00 0150.00 
0925.09 0518.59 0150.00 0150.00 
0925.09 0518.59 0150.00 0150.00 
0925.09 0518.59 0150.00 0150.00 
0925.09 0518.59 0150.00 0150.00 
0924.79 0518.59 0150.00 0150.00 
0924.49 0518.59 0150.00 0150.00 
0925.09 0518.59 0150.00 0150.00 
0923.88 0518.09 0150.00 0150.00 
0924.79 0517.59 0150.00 0150.00 
0924.49 0518.09 0150.00 0150.00 
0924.49 0518.09 0150.00 0150.00 
0924.49 0517.09 0150.00 0150.00 
0925.09 0518.09 0150.00 0150.00 
0925.09 0518.09 0150.00 0150.00 
0925.40 0517.59 0150.00 0150.00 
0925.09 0516.58 0150.00 0150.00 
0924.79 0517.09 0150.00 0150.00 
0924.49 0517.09 0150.00 0150.00 
0924.49 0517.09 0150.00 0150.00 
0924.79 0517.09 0150.00 0150.00 
0925.09 0516.58 0150.00 0150.00 
0924.19 0515.58 0150.00 0150.00 
0924.19 0515.58 0150.00 0150.00 
0924.19 0515.58 0150.00 0150.00 
0924.19 0515.58 0150.00 0150.00 
0924.19 0515.58 0150.00 0150.00 
0924.19 0516.08 0150.00 0150.00 
0924.19 0515.08 0150.00 0150.00 
0924.19 0515.08 0150.00 0150.00 
0924.49 0515.08 0150.00 0150.00 
0924.49 0515.08 0150.00 0150.00 
0924.49 0515.08 0150.00 0150.00 
0924.49 0515.08 0150.00 0150.00 
0924.49 0515.08 0150.00 0150.00 
0924.49 0514.07 0150.00 0150.00 
0924.19 0514.07 0150.00 0150.00 
0924.19 0514.07 0150.00 0150.00 
0924.19 0514.07 0150.00 0150.00 
0924.19 0514.07 0150.00 0150.00 
0924.19 0514.07 0150.00 0150.00 
0923.88 0513.57 0150.00 0150.00 
0923.88 0513.07 0150.00 0150.00 
0924.19 0513.07 0150.00 0150.00 
0924.19 0512.56 0150.00 0150.00 
0923.88 0512.56 0150.00 0150.00 
0924.49 0512.56 0150.00 0150.00 
0923.88 0513.57 0150.00 0150.00 
0924.49 0512.06 0150.00 0150.00 
0924.79 0512.06 0150.00 0150.00 
0924.79 0512.56 0150.00 0150.00 
0925.09 0511.56 0150.00 0150.00 
0923.88 0511.56 0150.00 0150.00 
0924.49 0511.06 0150.00 0150.00 
0924.79 0511.56 0150.00 0150.00 
0924.79 0511.56 0150.00 0150.00 
0924.19 0514.07 0150.00 0150.00 
0924.19 0513.57 0150.00 0150.00 
0924.49 0513.07 0150.00 0150.00 
0924.19 0512.56 0150.00 0150.00 
0924.79 0511.06 0150.00 0150.00 
0924.19 0512.06 0150.00 0150.00 
0924.19 0512.56 0150.00 0150.00 
0924.49 0511.06 0150.00 0150.00 
0924.19 0512.06 0150.00 0150.00 
0924.19 0512.56 0150.00 0150.00 
0924.49 0511.56 0150.00 0150.00 
0924.19 0511.56 0150.00 0150.00 
0924.19 0511.56 0150.00 0150.00 
0924.19 0511.56 0150.00 0150.00 
0924.49 0511.06 0150.00 0150.00 
0924.49 0510.55 0150.00 0150.00 
0924.49 0510.55 0150.00 0150.00 
0924.79 0510.55 0150.00 0150.00 
0924.49 0510.55 0150.00 0150.00 
0923.88 0510.55 0150.00 0150.00 
0923.88 0510.55 0150.00 0150.00 
0923.88 0510.55 0150.00 0150.00 
0923.88 0510.55 0150.00 0150.00 
0923.88 0510.55 0150.00 0150.00 
0924.49 0510.05 0150.00 0150.00 
0924.49 0509.55 0150.00 0150.00 
0923.88 0509.55 0150.00 0150.00 
0923.88 0510.05 0150.00 0150.00 
0924.19 0510.05 0150.00 0150.00 
0924.79 0510.55 0150.00 0150.00 
0924.49 0509.55 0150.00 0150.00 
0924.19 0509.55 0150.00 0150.00 
0924.79 0509.55 0150.00 0150.00 
0924.19 0509.55 0150.00 0150.00 
0924.79 0509.05 0150.00 0150.00 
0924.19 0508.54 0150.00 0150.00 
0924.19 0508.54 0150.00 0150.00 
0924.49 0507.04 0150.00 0150.00 
0924.19 0507.54 0150.00 0150.00 
0924.49 0507.54 0150.00 0150.00 
0924.79 0507.54 0150.00 0150.00 
0925.09 0508.04 0150.00 0150.00 
0925.09 0508.54 0150.00 0150.00 
0924.49 0507.54 0150.00 0150.00 
0924.49 0506.03 0150.00 0150.00 
0924.49 0506.03 0150.00 0150.00 
0925.09 0506.53 0150.00 0150.00 
0925.09 0506.53 0150.00 0150.00 
0924.79 0506.53 0150.00 0150.00 
0924.79 0506.53 0150.00 0150.00 
0924.79 0507.04 0150.00 0150.00 
0924.79 0507.04 0150.00 0150.00 
0924.49 0507.54 0150.00 0150.00 
0924.79 0506.53 0150.00 0150.00 
0924.79 0507.04 0150.00 0150.00 
0924.49 0506.53 0150.00 0150.00 
0924.79 0505.53 0150.00 0150.00 
0924.79 0506.03 0150.00 0150.00 
0924.79 0506.03 0150.00 0150.00 
0924.79 0506.03 0150.00 0150.00 
0924.79 0506.53 0150.00 0150.00 
0924.79 0507.04 0150.00 0150.00 
0925.09 0507.54 0150.00 0150.00 
0925.09 0507.54 0150.00 0150.00 
0925.70 0485.93 0150.00 0150.00 
0925.70 0485.93 0150.00 0150.00 
0926.00 0485.93 0150.00 0150.00 
0925.70 0485.93 0150.00 0150.00 
0926.00 0484.42 0150.00 0150.00 
0926.30 0483.92 0150.00 0150.00 
0926.00 0483.92 0150.00 0150.00 
0926.00 0483.92 0150.00 0150.00 
0926.00 0483.92 0150.00 0150.00 
0926.00 0482.92 0150.00 0150.00 
0926.00 0483.92 0150.00 0150.00 
0926.00 0483.42 0150.00 0150.00 
0926.61 0483.92 0150.00 0150.00 
0926.30 0482.92 0150.00 0150.00 
0926.30 0483.92 0150.00 0150.00 
0926.00 0482.92 0150.00 0150.00 
0926.00 0482.92 0150.00 0150.00 
0926.00 0482.41 0150.00 0150.00 
0926.30 0482.92 0150.00 0150.00 
0926.30 0482.92 0150.00 0150.00 
0926.00 0483.42 0150.00 0150.00 
0926.30 0482.92 0150.00 0150.00 
0926.61 0482.41 0150.00 0150.00 
0926.61 0481.41 0150.00 0150.00 
0926.00 0481.91 0150.00 0150.00 
0926.00 0482.92 0150.00 0150.00 
0925.40 0483.42 0150.00 0150.00 
0926.00 0482.41 0150.00 0150.00 
0926.00 0482.41 0150.00 0150.00 
0926.00 0482.41 0150.00 0150.00 
0926.00 0481.91 0150.00 0150.00 
0926.30 0480.40 0150.00 0150.00 
0926.00 0482.41 0150.00 0150.00 
0926.00 0481.41 0150.00 0150.00 
0926.91 0480.91 0150.00 0150.00 
0925.70 0480.40 0150.00 0150.00 
0925.70 0480.40 0150.00 0150.00 
0925.09 0481.41 0150.00 0150.00 
0925.70 0481.41 0150.00 0150.00 
0926.30 0480.40 0150.00 0150.00 
0926.30 0481.91 0150.00 0150.00 
0926.30 0481.41 0150.00 0150.00 
0926.00 0480.91 0150.00 0150.00 
0926.00 0478.90 0150.00 0150.00 
0926.30 0479.90 0150.00 0150.00 
0926.30 0480.40 0150.00 0150.00 
0926.00 0480.40 0150.00 0150.00 
0926.00 0480.40 0150.00 0150.00 
0926.00 0479.90 0150.00 0150.00 
0926.00 0479.90 0150.00 0150.00 
0926.30 0480.40 0150.00 0150.00 
0926.00 0480.40 0150.00 0150.00 
0926.00 0479.90 0150.00 0150.00 
0926.00 0479.40 0150.00 0150.00 
0926.00 0478.90 0150.00 0150.00 
0926.61 0478.90 0150.00 0150.00 
0925.70 0478.90 0150.00 0150.00 
0925.70 0478.90 0150.00 0150.00 
0926.00 0478.90 0150.00 0150.00 
0926.00 0479.90 0150.00 0150.00 
0926.00 0479.90 0150.00 0150.00 
0925.70 0479.40 0150.00 0150.00 
0925.70 0478.90 0150.00 0150.00 
0925.70 0478.90 0150.00 0150.00 
0925.70 0478.39 0150.00 0150.00 
0925.70 0478.39 0150.00 0150.00 
0925.70 0479.40 0150.00 0150.00 
0925.70 0477.89 0150.00 0150.00 
0925.40 0478.39 0150.00 0150.00 
0926.00 0478.39 0150.00 0150.00 
0926.00 0478.39 0150.00 0150.00 
0925.70 0478.39 0150.00 0150.00 
0924.79 0479.40 0150.00 0150.00 
0925.40 0478.90 0150.00 0150.00 
0926.00 0479.40 0150.00 0150.00 
0925.70 0477.89 0150.00 0150.00 
0925.40 0478.90 0150.00 0150.00 
0925.70 0479.40 0150.00 0150.00 
0926.00 0477.89 0150.00 0150.00 
0926.00 0477.89 0150.00 0150.00 
0926.30 0479.40 0150.00 0150.00 
0926.30 0476.89 0150.00 0150.00 
0926.30 0478.39 0150.00 0150.00 
0926.30 0478.39 0150.00 0150.00 
0925.70 0478.39 0150.00 0150.00 
0925.40 0476.89 0150.00 0150.00 
0925.70 0477.89 0150.00 0150.00 
0925.09 0478.39 0150.00 0150.00 
0925.70 0476.38 0150.00 0150.00 
0925.70 0476.38 0150.00 0150.00 
0926.00 0476.38 0150.00 0150.00 
0926.61 0476.38 0150.00 0150.00 
0925.70 0476.38 0150.00 0150.00 
0926.30 0476.89 0150.00 0150.00 
0926.30 0474.88 0150.00 0150.00 
0925.70 0474.88 0150.00 0150.00 
0925.70 0475.38 0150.00 0150.00 
0925.70 0475.38 0150.00 0150.00 
0925.70 0475.38 0150.00 0150.00 
0925.70 0475.38 0150.00 0150.00 
0925.70 0473.87 0150.00 0150.00 
0925.40 0474.37 0150.00 0150.00 
0925.70 0473.37 0150.00 0150.00 
0925.40 0474.88 0150.00 0150.00 
0925.70 0474.37 0150.00 0150.00 
0926.30 0475.38 0150.00 0150.00 
0926.30 0474.88 0150.00 0150.00 
0926.00 0474.88 0150.00 0150.00 
0926.00 0474.88 0150.00 0150.00 
0925.70 0475.38 0150.00 0150.00 
0924.49 0474.37 0150.00 0150.00 
0925.70 0474.37 0150.00 0150.00 
0925.09 0475.88 0150.00 0150.00 
0926.00 0474.37 0150.00 0150.00 
0925.70 0475.38 0150.00 0150.00 
0925.70 0475.38 0150.00 0150.00 
0926.30 0474.88 0150.00 0150.00 
0926.30 0474.88 0150.00 0150.00 
0926.30 0474.37 0150.00 0150.00 
0926.30 0473.37 0150.00 0150.00 
0926.30 0473.87 0150.00 0150.00 
0925.40 0473.87 0150.00 0150.00 
0925.40 0473.37 0150.00 0150.00 
0925.70 0474.37 0150.00 0150.00 
0925.70 0473.37 0150.00 0150.00 
0925.70 0473.37 0150.00 0150.00 
0925.70 0473.87 0150.00 0150.00 
0925.70 0472.36 0150.00 0150.00 
0925.70 0472.36 0150.00 0150.00 
0926.61 0472.87 0150.00 0150.00 
0926.61 0472.36 0150.00 0150.00 
0925.70 0471.86 0150.00 0150.00 
0925.70 0471.86 0150.00 0150.00 
0926.30 0473.37 0150.00 0150.00 
0925.70 0471.86 0150.00 0150.00 
0926.00 0472.36 0150.00 0150.00 
0926.30 0473.37 0150.00 0150.00 
0926.00 0473.37 0150.00 0150.00 
0926.30 0472.87 0150.00 0150.00 
0925.70 0472.36 0150.00 0150.00 
0926.00 0472.36 0150.00 0150.00 
0926.00 0470.86 0150.00 0150.00 
0926.00 0472.87 0150.00 0150.00 
0925.40 0470.86 0150.00 0150.00 
0926.61 0470.86 0150.00 0150.00 
0925.70 0471.86 0150.00 0150.00 
0926.30 0471.86 0150.00 0150.00 
0926.61 0471.36 0150.00 0150.00 
0926.00 0471.36 0150.00 0150.00 
0925.70 0471.36 0150.00 0150.00 
0926.00 0470.86 0150.00 0150.00 
0926.61 0470.86 0150.00 0150.00 
0926.00 0470.35 0150.00 0150.00 
0926.61 0470.35 0150.00 0150.00 
0926.30 0469.85 0150.00 0150.00 
0926.91 0469.85 0150.00 0150.00 
0925.40 0470.35 0150.00 0150.00 
0926.00 0469.85 0150.00 0150.00 
0926.00 0469.85 0150.00 0150.00 
0926.00 0469.85 0150.00 0150.00 
0926.00 0469.85 0150.00 0150.00 
0925.70 0469.85 0150.00 0150.00 
0925.70 0469.85 0150.00 0150.00 
0925.70 0468.85 0150.00 0150.00 
0926.00 0468.34 0150.00 0150.00 
0926.30 0469.35 0150.00 0150.00 
0926.30 0469.35 0150.00 0150.00 
0926.00 0468.34 0150.00 0150.00 
0926.00 0468.85 0150.00 0150.00 
0925.09 0468.34 0150.00 0150.00 
0925.09 0469.85 0150.00 0150.00 
0926.00 0468.85 0150.00 0150.00 
0926.30 0468.85 0150.00 0150.00 
0926.30 0468.85 0150.00 0150.00 
0925.70 0468.34 0150.00 0150.00 
0925.70 0467.34 0150.00 0150.00 
0925.40 0466.84 0150.00 0150.00 
0926.00 0466.84 0150.00 0150.00 
0926.30 0466.33 0150.00 0150.00 
0926.00 0467.34 0150.00 0150.00 
0926.00 0467.84 0150.00 0150.00 
0925.70 0467.34 0150.00 0150.00 
0925.70 0467.34 0150.00 0150.00 
0926.30 0466.84 0150.00 0150.00 
0926.30 0466.84 0150.00 0150.00 
0926.00 0466.84 0150.00 0150.00 
0925.70 0466.84 0150.00 0150.00 
0925.70 0466.84 0150.00 0150.00 
0925.70 0466.84 0150.00 0150.00 
0926.30 0467.34 0150.00 0150.00 
0925.09 0466.84 0150.00 0150.00 
0926.00 0467.34 0150.00 0150.00 
0926.00 0467.34 0150.00 0150.00 
0926.00 0467.34 0150.00 0150.00 
0925.09 0466.84 0150.00 0150.00 
0925.09 0466.33 0150.00 0150.00 
0925.70 0466.33 0150.00 0150.00 
0925.70 0465.83 0150.00 0150.00 
0926.00 0465.83 0150.00 0150.00 
0925.70 0466.33 0150.00 0150.00 
0925.40 0466.84 0150.00 0150.00 
0926.00 0466.84 0150.00 0150.00 
0926.00 0466.33 0150.00 0150.00 
0926.00 0465.33 0150.00 0150.00 
0926.00 0465.33 0150.00 0150.00 
0926.00 0466.33 0150.00 0150.00 
0925.70 0465.83 0150.00 0150.00 
0925.40 0464.82 0150.00 0150.00 
0925.40 0464.82 0150.00 0150.00 
0925.70 0462.81 0150.00 0150.00 
0926.00 0464.32 0150.00 0150.00 
0926.00 0464.32 0150.00 0150.00 
0925.70 0464.82 0150.00 0150.00 
0926.61 0463.82 0150.00 0150.00 
0926.30 0463.82 0150.00 0150.00 
0926.00 0464.82 0150.00 0150.00 
0925.70 0465.33 0150.00 0150.00 
0925.70 0465.33 0150.00 0150.00 
0925.40 0464.82 0150.00 0150.00 
0926.30 0464.32 0150.00 0150.00 
0926.30 0464.32 0150.00 0150.00 
0925.70 0464.32 0150.00 0150.00 
0925.70 0463.82 0150.00 0150.00 
0925.70 0463.82 0150.00 0150.00 
0925.40 0464.32 0150.00 0150.00 
0925.70 0464.32 0150.00 0150.00 
0926.30 0463.82 0150.00 0150.00 
0926.00 0463.32 0150.00 0150.00 
0926.30 0462.31 0150.00 0150.00 
0926.30 0463.82 0150.00 0150.00 
0926.91 0462.81 0150.00 0150.00 
0926.00 0462.81 0150.00 0150.00 
0926.61 0463.82 0150.00 0150.00 
0926.30 0463.82 0150.00 0150.00 
0925.40 0462.81 0150.00 0150.00 
0926.00 0462.81 0150.00 0150.00 
0926.00 0462.81 0150.00 0150.00 
0926.00 0462.81 0150.00 0150.00 
0926.00 0463.32 0150.00 0150.00 
0926.30 0462.31 0150.00 0150.00 
0926.30 0462.31 0150.00 0150.00 
0926.61 0462.31 0150.00 0150.00 
0926.00 0462.81 0150.00 0150.00 
0926.00 0461.31 0150.00 0150.00 
0926.00 0461.31 0150.00 0150.00 
0926.00 0462.81 0150.00 0150.00 
0926.30 0461.81 0150.00 0150.00 
0925.70 0461.31 0150.00 0150.00 
0925.70 0461.31 0150.00 0150.00 
0926.30 0461.31 0150.00 0150.00 
